X Y Length
1.56127133 2.42238304 3.76841743 1.31092163 2.29287480 1.27988131 3.94707129
0.83500313 0.22227651 3.30714236 1.32286659 2.49127028 1.43335180 3.52938092
1.64806602 4.67159056 0.01739111 1.01985479 1.03863232 3.05226181 6.27384180
4.65963310 3.72257354 3.59319129 3.74432028 0.88319468 2.91242470 3.90147072
3.69411873 0.52520882 4.76819327 3.72684737 1.79303492 4.45977478 6.44110618
3.38900057 4.76031115 4.58099589 0.12086613 2.73789686 2.62934860 7.90292147
1.70665494 4.30974294 0.64447317 4.83239730 1.27294311 2.43570855 3.66152544
0.05643834 2.24176593 1.74690640 1.79140873 3.43268320 0.01713047 4.19685819
1.77135538 4.04152034 0.09336355 1.89145396 3.46998722 2.31089768 6.12992630
1.48859360 0.14121952 2.92357358 4.82024372 1.37028786 3.43101769 6.97802401
3.94945707 1.47348371 0.68636811 4.40746605 4.40946975 1.81841698 8.92299368
1.91194495 4.18458875 0.95639853 4.51835378 2.53001829 1.27720534 4.61512032
2.15478892 3.39042897 1.84972441 1.64791092 0.12705942 3.26329420 4.13059577
3.28397681 3.52640134 0.07104751 3.57866859 0.19573119 3.38412420 3.44442483
1.67916140 0.35187604 4.84016803 2.53960541 4.88106838 1.68247576 4.70233733
4.89695658 4.93473206 4.60628605 2.47021534 4.75221665 0.63586748 4.32174211
4.68023607 0.68583185 1.73869357 3.36278120 4.24532345 4.76951536 6.85166263
4.42579998 3.70042419 2.59638361 4.37086229 0.24207356 3.02991517 4.65780945
0.24537128 4.44298391 2.88372640 0.62136510 1.36463524 0.63635170 6.16305226
2.88939718 0.38081633 2.74784896 2.48481663 3.64563215 1.34356978 3.56080969
3.69403322 3.95950026 4.19553634 4.18093036 3.35974629 0.71772088 4.11084680
0.36227482 0.36062870 1.87789331 4.38608632 3.64392153 3.85849163 6.14447905
1.97324019 3.50413203 3.27141704 4.99022890 1.77161139 3.26708599 4.25769192
2.09772864 1.00280629 3.15992506 3.72305756 2.49743643 1.96450925 4.79947632
3.59085405 4.92994672 1.16683303 4.62537408 2.64421061 4.37184286 3.94205436
4.51855711 1.59244249 4.41438255 4.79413479 0.86841121 0.90095526 8.46938698
3.54025076 1.95708336 1.59441138 3.48567697 4.82900096 0.45149619 6.90940192
4.64275373 3.14067351 1.62806138 2.84493182 1.16129472 0.05952155 5.85341260
3.66156188 3.76330873 4.56830966 3.74404300 3.06488122 0.46038863 4.51841794
4.46990841 3.03775799 2.42725829 0.69069757 1.45229624 4.37531156 6.92286973
1.73089484 1.52416920 4.52003577 3.06794222 2.27211289 4.29861024 5.75062688
1.47318914 0.94133290 4.60686706 3.47807005 2.66842569 2.81490039 6.08048887
0.97072151 1.12843888 3.50631065 3.67449146 0.55573889 1.17440012 7.46061246
0.56366700 1.39801999 4.57836157 0.42526368 2.05814223 3.73379330 8.28993404
2.00977499 3.07483342 3.26012015 3.53501698 4.51530240 0.65277612 4.47603205
1.69661727 0.69444700 0.97963607 3.99774186 0.50095239 1.49421549 5.92908854
1.28632590 3.46347126 3.17383262 1.31564234 3.54208739 1.24081171 3.23512524
1.67586301 2.84536400 3.73357639 4.57123529 4.49180908 0.71004649 6.62060140
0.13139133 3.38223546 1.82175728 4.30234823 0.57772619 3.51259162 3.39810643
3.44105012 1.88590976 2.42189821 2.66657060 1.79999451 3.32999348 2.19312143
2.63031435 1.93564498 0.76608747 4.42686778 0.13577636 3.53067764 4.20716616
2.59113990 3.80262395 0.39141131 1.99825653 4.83208065 1.90836342 7.28667096
4.16824753 0.14516535 0.57513854 1.83981304 3.15568436 4.67779820 7.80849158
2.36464087 0.17216165 0.42539700 1.45930698 3.15347747 4.89031105 6.71093487
2.48718286 4.01807832 0.90493410 4.23232976 0.74203976 1.85829289 3.97630751
0.11125147 0.62000201 3.05450353 3.96254809 0.83226620 0.59337468 8.48973526
0.02117062 1.14081911 4.60315346 1.19945106 3.89017235 2.68727991 6.23219940
2.38825882 2.53473930 0.52406831 2.01891397 3.61172939 3.35250715 5.29758916
0.49787151 1.52147470 1.52132386 1.73325718 1.23246540 1.23738314 1.61900775
0.41252676 3.62121708 1.29098469 2.77759429 1.76299366 0.27640889 3.76327722
0.09909905 2.37325484 3.96525606 1.54096496 2.58505392 1.50316279 5.33544810
3.02762031 3.42655779 0.79897745 4.55729187 0.76856685 1.96221241 5.09433918
4.67666850 4.83575751 2.53736258 0.75907015 4.30130943 0.89672746 6.37322247
0.49651968 3.80291529 1.76299380 0.38736060 2.97116058 1.61905604 5.36812042
0.61728594 2.31840766 4.31030768 0.85696826 2.85962686 2.04014650 5.84367699
0.08615444 2.94811591 2.80979411 0.16226071 2.83419536 4.62175641 8.35561204
4.88124054 3.41561281 0.44839469 4.87917663 4.16617443 0.55575393 10.37029884
0.74771677 4.27453155 4.27639354 3.15414091 4.89577914 1.56607209 5.40685668
1.80885221 0.53887759 2.23876974 3.25466116 4.97918847 0.32690498 6.75979509
0.31404314 1.21514434 4.59816897 4.68082889 2.33621110 2.86357601 8.41194517
2.74572617 0.15424392 1.71023934 4.64807366 4.77651627 0.03071013 10.15433949
0.91145992 2.53499273 3.29684540 3.49561588 4.99112766 1.07107650 5.52941640
2.86917270 0.25040838 0.02154257 4.95868097 0.84575603 0.43368805 10.10188277
3.76068384 4.13961865 1.12880839 1.00404164 1.83584315 0.47436552 4.97716194
3.49879742 2.94402122 3.41847235 2.68773531 4.10900494 4.43014565 2.14283308
2.33095970 0.96449184 3.07569343 1.41832493 1.00598301 4.82582670 4.85894421
2.69609375 3.55018031 3.15451160 4.72602983 4.76276755 4.19034222 2.95717442
4.71061297 0.15794238 2.04688215 1.13331361 4.18657746 4.70210686 6.99776948
2.18038137 1.02961904 4.12188516 2.64903673 0.70636538 1.41799849 6.15882717
1.94013137 2.86470726 1.20688193 2.05873690 2.46114838 4.58182808 3.90726068
1.47225608 4.60041100 2.18229449 0.88036823 4.74379765 0.02169961 6.48879255
4.78220812 3.29783389 0.08881125 0.89828698 2.55414113 3.21784223 8.65621825
4.62735300 4.01970676 2.58566052 0.93791790 2.19458062 2.91635101 5.71346138
2.97369338 1.91976001 4.92544314 0.50770664 1.23114650 1.24082158 6.17532350
3.43389569 1.67756258 1.49139779 1.31787414 2.11538984 0.23923705 3.22164225
1.57955746 0.38982560 2.33330594 3.19604778 3.41559516 2.88100634 4.03289690
4.93390373 0.49114518 1.99056089 0.54499490 3.38837113 4.48975586 7.12892948
3.73143289 2.07774830 0.36604399 4.70967403 3.99414402 3.53643055 8.08542248
1.58713673 1.99635697 1.26020776 0.93126978 0.48194992 1.37907332 2.01202722
3.60796013 4.72896866 2.73262336 0.19098252 1.15649841 4.21055382 8.93917416
2.75747378 4.45180448 0.80502545 3.08214589 4.32019779 2.70432596 5.92037542
0.58670148 4.27068073 3.57908777 4.31855704 2.17559500 0.15394637 7.38751316
0.96950871 4.94270835 4.91929573 0.08949775 2.04560645 2.57180035 10.05470980
1.17246328 3.27579176 0.10301317 2.53997328 2.78414269 1.62768168 4.13022379
1.76422023 1.78654166 4.24783163 0.76081728 4.96302656 4.54013921 6.53348497
1.82297034 3.32264910 0.37999020 0.50851932 2.56391336 4.64531407 7.84040087
2.97776924 0.81562901 0.25180882 4.66004055 1.85648918 1.40526153 8.34164148
1.45200514 4.63176102 4.62099111 4.60900709 3.54559845 2.23629462 5.77410774
3.89860808 4.27424309 2.65103661 4.26385939 4.71879581 3.46128239 3.46566743
2.48100048 1.10423173 1.50235545 2.77177017 1.16196930 4.03651817 3.24325412
1.60265568 3.11053581 3.14788659 1.81132704 1.82087337 1.57986164 3.36588058
0.62722294 1.68451177 2.57815649 2.32475122 2.73927465 3.11447628 2.85929481
1.82029924 1.57021758 0.14727166 1.69727602 2.71098465 1.35453702 4.26436705
2.44353343 3.10622295 4.17180408 0.51555863 1.91796732 4.33007163 7.54484350
1.85436659 0.45716536 3.29043570 2.45083543 1.52857292 4.60241861 5.23794558
0.12052868 2.68037531 3.60626885 1.43239941 2.36607577 4.89359191 7.37908254
1.26868464 2.50071829 0.13487463 4.15290141 2.93815191 2.41180604 5.30377108
3.79594965 2.83083884 0.39103077 1.75967910 0.26503268 0.98616725 4.35314018
1.03743066 3.36159447 3.35187316 1.44075904 4.03079274 4.09048885 5.74302338
2.64248252 4.40247599 3.67595022 4.65568092 4.40757592 3.91820331 2.10285509
4.23656807 1.98120048 1.04707923 2.19079191 1.39460747 0.84915642 4.58228334
0.75919598 3.86683294 4.23095667 3.44632539 0.95733470 1.96869943 7.08878850
3.17592153 2.70854420 3.65833093 4.41421975 3.67567952 3.18484080 3.00208363
3.45953403 1.26581408 0.35743471 1.11064330 3.87925677 2.38137423 6.85003815
4.32720785 1.82847452 0.20102399 3.61067566 4.10727048 2.54877462 8.54263411
4.09740829 4.01016412 1.51182634 3.55787140 1.71915112 3.45618701 2.85576172
3.03137511 2.75094138 0.85533610 1.44648243 1.06749242 3.89764633 4.99740503
1.29881582 2.26327166 4.50722494 1.33869823 2.08165400 2.45777177 6.01024750
0.56170656 3.52670749 2.42726004 0.19412676 3.46929940 2.88885206 6.70839758
2.25265145 0.89424236 2.35788685 1.95851192 2.96651000 3.97247104 3.17337362
2.26227112 3.05019494 4.70629275 2.72730498 2.08391755 0.72020116 5.76757855
2.80611859 3.97332009 0.29490411 1.72342517 3.31626662 3.55729857 6.90604308
1.95397622 3.96129993 4.06268611 4.02796443 2.51669441 3.76889332 3.67731185
2.03017526 2.95650674 4.06638009 0.49579342 3.89065943 1.06699456 3.79155705
1.78568803 3.97261543 4.88434206 0.87431456 3.48466243 2.94266813 6.87934544
0.36097809 3.81673899 0.53973454 2.07087594 2.52128794 1.15749062 3.93692235
0.98934039 4.95735781 3.00345536 3.79102532 4.97942463 1.35160824 5.46674384
0.22887576 2.71346033 2.78974546 3.07756506 0.88281521 2.41473380 4.60546772
3.53568525 4.39915234 1.50928206 3.27062200 3.54275498 1.82768208 4.81286797
1.28187035 3.74154978 2.07137605 3.64380153 2.92386082 2.87516522 1.94337176
0.70260288 2.71128870 2.40647918 3.36815697 1.21160807 3.53057728 3.03196756
3.88248078 2.29043633 4.39774193 2.53055110 4.63251692 2.79687913 0.92349719
0.60131168 0.33963763 4.20143255 3.35653509 2.46409145 3.27457707 6.43635106
0.29432434 0.81120860 0.54376464 3.49276839 1.67342250 2.72254791 4.06038411
3.94567591 4.06404893 1.36065522 1.69534365 2.90349436 2.41094013 5.20686609
1.03985963 3.09829383 3.07738716 1.70538138 1.91130258 2.79202701 4.06205261
2.92209700 2.97536645 4.26727008 3.70663277 0.66418052 3.43184039 5.14464444
1.33640694 3.62038888 3.05626807 0.04375249 0.51406963 4.66142576 9.23987082
3.38579903 2.01836814 4.92289666 2.52806785 2.20977373 1.75173246 4.44141064
4.75742620 0.35774314 4.76489601 4.80006221 4.01455815 3.69177055 5.78072639
3.47638733 4.59134292 3.57173294 2.64965828 3.38254286 4.59544343 3.89898523
4.00283364 2.67842321 1.35973328 0.39307847 2.61337283 2.08520148 5.60002490
1.85943238 2.62661613 0.96347327 0.23779324 0.04111426 2.43991083 4.93879835
4.43724537 1.87193466 0.55917525 3.71127883 0.99856962 2.83364244 5.27364248
4.57722050 3.02067978 0.68683681 4.76004630 3.62987630 4.09908486 7.27785898
2.83993612 4.76737443 0.23485236 1.90934182 1.53379286 1.82814595 5.16862095
4.44245762 0.94215007 0.69403194 0.19377683 3.05736576 3.27194243 7.70318166
4.61341629 1.09013687 3.16996622 1.09886288 3.64273244 3.28301985 3.67821347
0.89028722 4.91906484 2.52096785 3.12939740 3.85925070 3.57346574 3.83119735
0.74073350 3.56183819 4.35119044 2.76001146 2.68733500 1.20699703 5.97444241
1.82819620 4.38306097 3.76081533 0.29799161 4.98254764 2.30564211 6.86932829
0.22425712 0.78943448 2.84386427 4.08962067 3.38061688 4.63673501 4.97994330
4.35359630 3.32284637 1.41296661 3.00254860 3.21649603 1.09301144 5.58462629
3.72823189 3.76573207 1.27517832 2.52589194 2.09142618 2.87635927 3.63688318
2.02571783 4.76916893 3.35184514 3.18611569 2.54283515 2.52816200 3.10789288
3.03662927 3.56316465 2.01304797 4.32728384 1.31517522 2.74483157 3.00684300
0.21009870 0.16645854 0.96699197 2.05413333 2.80549343 0.61404103 4.36913594
3.49075853 0.21214777 3.97135790 4.49458670 0.55301973 2.95682631 8.05762099
3.83786541 4.89390056 4.98855439 0.37529931 1.47234587 3.45598267 9.33767661
1.14791725 0.41816115 1.17087922 3.42675140 0.84704050 0.93804822 5.51836211
3.31157242 4.05326127 0.03884357 3.55919311 0.32855390 2.78797213 4.13365323
4.19323221 1.02420788 1.17844785 4.55288569 4.89124457 1.98909310 9.15314560
1.62278907 3.81612787 3.58287258 1.89133434 0.89408503 0.63115952 5.71658384
1.77081862 1.94516726 2.28264966 0.25177638 0.21585728 1.16593101 4.02898735
0.53825522 3.57392535 2.61636738 2.14069893 2.23333405 4.13405618 4.55424290
1.81639039 1.43362020 4.61769308 4.43345945 3.67325257 0.58950611 8.06270391
0.84889422 2.47349331 1.78591362 3.72963087 3.94785191 2.43596000 4.08656371
4.90845210 3.41157550 3.99377875 3.48318636 3.85391805 2.36841735 2.04098064
4.43096884 1.29214874 1.48757472 1.21913648 0.45574115 0.72035176 4.09036529
0.78825874 3.27441932 4.13992394 0.16448850 0.73165321 4.76185836 10.29518131
1.48475579 1.82893070 3.34332415 4.26605488 2.88934900 1.12665970 6.23698804
2.77636248 2.75864776 2.94738881 2.07297248 0.45636553 2.56715358 3.24625207
0.69522524 4.20799711 1.33544318 3.46156462 0.81922886 1.45559027 3.05471273
0.24813349 0.21147607 4.38542351 1.44735972 1.91746353 3.10142010 7.28892005
3.08749065 1.50308854 0.67006146 4.98135499 2.74296846 4.14486351 6.47115670
4.67274026 0.11640436 3.14330711 4.21822525 3.96612614 2.93813598 5.89941125
0.62738027 4.84109487 0.98352610 0.58877411 1.99058895 1.36884016 5.54105292
3.41616592 2.69903968 3.95106839 1.66481428 3.44218865 0.22129831 2.69495083
4.20773309 2.96473341 1.62649849 3.66947539 4.06154801 3.97742990 5.13015712
4.96481717 3.78794380 1.11060853 2.74206079 4.94854469 1.86031126 7.93151714
4.55726237 1.66792181 3.82438021 3.83603100 4.97157476 1.54104442 4.85436646
1.51546765 1.32582048 2.55934700 2.98013911 2.74814770 4.03420672 3.02697523
3.41689993 3.81938075 0.10485641 0.43885272 1.67699974 4.74845404 9.32001696
3.50800865 1.39474076 0.51625825 2.38741378 2.90751336 0.86758241 5.98550789
0.61499275 0.19107666 0.88354237 0.56589810 2.42883390 0.78026358 2.02118578
3.00506792 4.75676809 4.59894000 1.54610464 0.32374750 0.94474793 7.90179994
2.37941824 3.25570351 3.39745731 1.56352938 4.00477486 2.21499080 2.86544383
0.12751614 1.06457922 2.26356799 1.01716709 0.29742963 1.80682499 4.25536528
4.89467321 2.53487004 4.76705693 0.16648590 2.74819297 3.21109412 6.02496244
4.62710211 4.22764734 1.42654481 4.66413997 0.35074486 2.09618725 6.01437694
2.58539424 2.94886528 1.84957415 4.21902327 1.56590319 0.17979640 5.51707630
1.77855082 2.69415407 3.94979404 1.08031612 4.27754633 2.47591219 4.13888801
1.19429656 0.13243066 3.30657991 0.18360456 4.65434665 0.46120318 3.48896136
2.11256216 0.19555393 3.56093297 2.27167355 3.67711955 2.49533858 2.78345517
3.10772892 1.20703916 4.62965085 4.37676426 1.28735351 1.80274504 7.73475614
1.37793108 2.18347319 2.28958224 2.14212237 3.63256493 1.40190037 2.44605876
0.15352023 4.96047431 2.43265188 4.33522711 3.43074998 3.30937875 3.79462061
3.25573388 2.17700502 1.48913381 2.06949351 4.61166599 1.24841554 4.99854877
1.98677018 4.46956788 0.80468921 0.88784790 3.84944257 4.03650638 8.15176121
3.21101931 2.24218708 4.46342982 1.01502042 0.38896080 1.09723581 5.82871510
0.37106487 0.87472533 4.91595293 1.25678757 4.92540505 4.53921883 7.84336353
0.03934462 2.54928886 2.44139327 4.53301208 2.26018575 0.25964573 7.39249077
2.07796637 2.74444280 1.80094232 3.29261478 1.08846400 0.22505991 3.76340360
0.62834979 3.06411616 4.84414860 0.99099647 0.42148990 4.12693695 10.11958177
2.68571789 4.79463613 0.14468574 0.85749360 4.97928875 2.57719573 9.81728040
0.14136303 3.83377377 4.65077579 0.08250767 1.40940228 3.34326466 10.46345206
1.40462790 0.11845639 2.09989707 4.58753791 3.54255078 4.55643038 5.96582985
4.89693025 2.95613721 0.05096460 3.48255383 2.95262587 0.82525905 8.80904567
4.10608655 0.21629230 1.36051229 2.93290067 0.94987287 4.74748446 5.72286811
3.71020924 2.14131610 4.69120163 3.45277126 1.40165647 2.11478049 5.18900388
3.99008196 4.06083357 1.31034345 4.17352761 2.67540348 0.42504122 6.67141017
1.19286131 0.81204474 0.49450615 3.38577307 0.61511122 0.46035916 5.59469054
3.71862090 4.47694062 2.48567375 2.26584355 2.86126430 0.84459897 4.00165732
2.91365612 3.07416301 2.44068495 3.15564405 1.47132355 1.82903937 2.12296657
1.33569311 0.22410058 3.67094340 3.84398500 2.15542941 1.72071492 6.91642939
0.82503530 1.00261687 4.19760177 0.44268992 2.20589541 1.87058478 5.86940005
0.44774278 4.96157866 0.36250378 3.86636381 0.87091657 4.46923785 1.88715900
3.16843682 3.94714178 4.03767598 3.16011673 1.14766840 1.55251988 4.47963728
2.39163190 2.97066032 2.81955982 4.11991308 4.73545036 3.63224127 3.20332036
2.05722894 0.19460971 3.99032024 3.79395340 1.74975881 3.87314670 6.32755928
1.52046883 1.19533706 1.02265382 1.86917498 2.98873698 2.55102892 2.91874438
3.72837487 4.74424457 4.51939132 1.28931683 2.09607648 3.43997196 6.78435060
2.82774296 2.17816731 4.65262501 3.84942119 4.57328887 1.67461483 4.65077998
2.61619016 1.43648662 2.16302502 0.06312291 0.51036629 2.04893710 4.02974887
0.57964031 0.96178746 2.01661508 0.62843589 3.16883327 4.79257703 5.79574466
3.69316494 0.40310447 4.64931515 2.26314752 4.24995893 0.15936242 4.23276108
3.27893464 1.25127580 2.44939240 0.86563279 3.54124221 3.76080629 4.00901585
3.65136527 2.59945138 3.94129015 3.18840119 2.33340515 1.84688416 2.75047380
1.91334515 1.04199558 0.56765526 3.53411784 1.10269235 0.19334914 6.21557650
2.48661889 1.93229723 0.19116495 3.04956365 4.57896526 3.24274481 6.94496937
3.73336260 3.10634551 1.11199735 3.84635365 2.32613951 4.31702241 4.02599399
3.99268996 0.56667415 3.81448010 0.03020240 3.27885497 2.63812401 3.22765487
4.67284935 0.68789797 3.43751065 4.59093371 2.23077885 3.81644069 5.52775752
0.19212307 4.97687144 2.95417877 3.16994905 0.27989606 4.52421333 6.29822960
3.19176868 2.76525162 4.94424300 2.95423019 0.10642433 2.30201696 6.64421908
0.15317739 3.23945460 4.48740980 4.60955229 1.44122397 3.70449008 7.72342422
0.94860207 3.81145869 1.09298796 0.90988200 1.47119599 3.85275177 5.87224014
1.10358528 1.97764570 4.69506770 0.16798036 4.51880795 1.61814872 5.48248654
1.46264695 3.66837943 1.79225381 2.32057875 2.96179532 2.71256862 2.62100267
0.85688468 2.33941965 3.14010198 2.07688066 4.87178048 3.97572491 4.86814908
1.88113742 2.36545258 4.24145050 2.98583349 2.91804830 1.27739647 4.60153465
0.15804522 2.02828303 0.20303184 1.28564888 4.76783932 2.36283225 5.43417579
1.10255760 0.37999434 4.10885670 2.67931949 3.95544755 3.83148223 4.94713356
3.41448098 2.02565055 1.67491553 0.26666605 2.47042300 2.46854845 4.81506532
0.55359263 2.90583912 3.44195609 0.59667396 3.67407756 4.39536336 7.50373193
2.33390672 1.60334016 3.18892047 1.34356273 4.65077615 2.77160148 2.93721050
1.40171440 3.65018766 3.28803849 2.54705243 1.24265679 1.05384575 4.71764617
0.24260293 3.66762896 3.92171532 1.34918940 1.52594566 2.81350578 7.15651593
2.92946807 3.97420360 1.70378358 1.46256275 3.35897544 1.95401722 4.52136422
2.05362865 4.61824152 3.91461027 2.45048850 1.57677990 3.13022129 5.29163564
1.58740081 3.36854358 0.91990680 1.56119419 2.43196542 2.86063287 3.92037636
0.47773035 1.50928923 2.50547057 0.59128951 3.06573632 1.50993164 3.30187191
0.21025012 4.13125056 2.17572795 4.96501112 0.55500164 2.19644548 5.34307757
4.48493403 3.53085609 2.68246117 1.31321365 3.20419892 0.72110005 3.64695184
4.48330260 3.79931461 1.33298290 0.41212577 2.38995787 4.49360788 8.84187282
2.48630877 0.17469624 3.74479814 1.23996306 0.34803782 1.10042689 5.04843952
4.99130634 4.23203383 1.49258753 0.76496655 4.65578808 4.10332127 9.52456727
0.70648949 4.77772918 3.84789426 2.60161836 0.74775314 3.52964312 7.05756579
0.10383722 2.02267718 0.01350125 1.88390873 0.33648769 0.62065853 1.46946862
3.07464626 4.28820048 1.03386961 2.46961339 2.73923319 0.45242422 5.37496228
4.11757666 4.06922153 3.50652809 2.35926838 1.99589171 2.18249130 3.33679703
4.69654504 1.74044761 3.03123442 4.10388300 1.22853821 2.94122293 5.03631733
0.02016093 1.54855772 0.36253793 4.50098931 3.78364587 3.70442515 6.48483632
0.49929951 2.16681476 0.38397320 1.58914399 3.18398656 2.93185567 3.69438006
2.13141080 4.13229458 1.91366780 1.69292358 1.82996396 0.85875854 3.28742394
0.70086739 3.98128581 1.83828726 3.31759960 2.50097688 2.12705845 2.67944275
0.31650882 4.55376759 4.34010562 4.11334580 2.00475007 2.50754433 6.88179296
0.28132569 0.41342872 1.75153905 2.32958179 2.42781988 2.95346795 3.33529872
3.48952302 4.56320116 1.47056375 2.50577848 4.11811419 0.45533464 6.23127333
3.90509548 2.06134846 1.15238715 3.84993437 4.82609081 3.56420733 6.96754756
3.74259035 2.36010350 3.96629850 1.34974116 3.71188348 4.02601477 3.72317122
3.66769866 4.50714919 3.01563379 0.93688342 4.55610647 4.51302148 7.52314122
0.98885194 2.15621549 4.86104323 1.58366696 2.73072430 0.03982947 6.54520246
4.34291455 2.78273560 3.40111908 1.75468506 3.54541887 4.97812977 4.62089910
3.09288070 0.11281118 2.72174413 0.03679425 0.24507331 2.19956651 3.66692340
3.56989084 2.77018733 4.38213556 1.09028916 0.83804612 2.79968642 5.80075268
1.51751483 1.37655300 4.74897027 3.47128973 4.05594682 4.20482027 4.86013585
1.45963901 3.47812947 4.01491184 1.96364440 3.45855296 4.80842768 5.86904448
3.83413957 0.34224103 2.25335154 0.31554509 1.00911320 3.97285892 5.44418227
0.49323757 0.95234660 0.06550607 1.52458278 1.94392462 4.96395813 4.63332647
4.98729913 2.40476251 0.43913275 1.98323865 4.17802061 2.31406574 8.32115360
4.96605659 1.36540756 4.53127527 0.92306141 3.51057422 2.64036778 2.61798752
4.41441770 0.51860042 0.93712157 2.38491713 3.64426362 4.52918943 7.39996244
1.92856486 0.03877969 0.59699401 1.51139549 2.76481107 3.39710761 4.85857693
2.27439370 3.35343192 0.52420654 3.83206678 3.62401693 0.82882917 6.13050174
1.79235895 0.71025425 0.88650529 3.05015963 3.24082706 4.14367509 5.10501165
0.79769732 1.54068521 0.88653889 2.16490340 3.01865680 0.06660701 3.62195891
3.63242823 0.90452242 2.44170180 0.07811552 1.21123957 2.50985192 4.17472787
3.64488306 4.24621557 0.33660389 3.19640691 0.07118587 1.43222194 5.25489043
4.74954658 4.29206504 3.44656624 0.22939858 0.41856545 3.56694089 8.77293667
2.27186706 0.71050349 0.22676470 3.55658575 3.67880847 1.38233695 7.58435949
3.46161397 0.57729471 2.43075048 0.55167215 2.51304461 2.44905469 2.93034823
2.47718940 2.75069937 2.40099771 4.59192634 1.55736740 2.87206620 3.75843083
2.96001584 0.16025413 3.06698822 3.97473589 2.10222940 0.57887547 7.34622611
3.88647309 0.28385428 0.45952804 3.76859567 1.44797153 2.71464176 6.33240700
2.18055093 2.22172071 0.12521604 4.68249895 1.79818120 4.05964172 4.99136841
2.71878723 2.31463491 1.60392400 1.31711632 2.40104963 1.99474613 2.54220963
0.42958901 2.61647452 4.50671108 2.76943362 4.05543265 1.10938928 5.80028081
2.86002670 2.05816799 2.48019892 3.63100721 0.14192018 3.48120695 3.96112428
0.49666723 1.14369322 4.09522861 0.96526064 3.27579623 0.58262823 4.50734791
0.80806557 2.64071618 1.44854220 3.83392291 0.17810564 2.85121671 2.96038590
2.89508469 0.94803040 2.67248170 1.24313976 4.63056379 1.74701253 2.39152438
0.11492210 4.88950212 1.62043817 1.73278295 0.38451554 0.64132259 5.14622516
4.93737609 3.51312525 4.52070137 2.76603892 2.94998813 4.21943987 2.99540726
1.32910144 4.54631320 3.47897512 3.83976833 4.48236454 0.01903742 6.21328654
0.93826217 1.19996695 0.78110421 1.81879262 4.74799428 2.74012691 4.71094751
0.67024885 0.78645538 4.78171069 2.15743230 3.09374984 1.33871572 6.21005153
3.97295140 1.64833559 3.94423411 4.14216835 1.15969172 0.21915647 7.30478792
4.80182205 2.05545122 3.45245076 2.49671809 1.59895849 2.76000816 3.29178903
0.28260618 4.01056202 2.49009541 4.68065433 4.88000265 2.37035549 5.63097733
1.82734004 1.97057427 1.39032924 4.64614928 4.91820844 0.97578643 7.80195215
0.25071120 1.74897018 1.92120841 4.95000387 4.93076116 3.83100754 6.82155364
4.69507054 3.92557633 0.66223151 4.14837082 3.62248064 4.74315650 7.05839985
2.71593340 3.25049417 4.39772460 4.23386968 0.51864990 3.89484434 5.84205289
3.35213916 1.62360650 2.85845873 1.41919352 2.56414279 2.23772687 1.40416505
4.31836824 4.38027761 3.23859095 0.89128903 3.94341104 0.64648600 4.39837737
4.49857028 4.18528219 3.19015294 4.21718867 0.26793605 1.21662505 5.49721096
4.67493677 3.09462414 1.85477562 3.33940482 2.52183469 3.37540141 3.49879389
2.24408203 2.48948470 1.09532087 0.01409450 0.05106809 4.92151053 7.74624717
4.12973965 1.40961434 4.15174035 2.99761054 4.92411610 4.22045212 3.03449083
0.25864963 0.02993286 1.85919094 3.61418277 0.44432394 3.60551028 5.34026998
4.73053285 1.71732102 1.19332719 2.98565152 0.86495424 3.38758301 4.27673962
2.30775054 3.57709397 3.99668023 1.59210474 0.70806635 2.95284371 6.16528987
0.20029928 3.77847692 4.49675254 3.76031218 1.41997035 0.76664746 8.58934816
3.67155776 3.49950730 4.50306146 4.44090776 1.97333773 1.37403274 5.23161722
2.35985950 2.14273088 1.65986655 2.82054671 3.23444139 1.77480388 2.86458624
4.80724391 2.87431460 4.40431546 3.86433931 3.17384142 1.09533311 4.09897072
0.99592730 3.08308058 2.78708594 3.53130356 3.74284626 4.01668296 2.91833648
0.53077368 4.21125208 0.80975084 0.41419389 0.50817589 0.74563557 4.25540119
1.63761566 0.07231836 3.54970758 4.43610265 4.74791945 0.20776557 9.15914795
4.44598117 3.61242453 0.75359284 0.58710775 4.34955905 4.86164598 10.35943017
0.09633054 3.59948977 1.94645075 1.78625392 4.68930111 1.93174453 5.33722153
2.48221742 0.41283658 2.39624810 3.91991646 2.07743850 0.17810996 7.26349696
4.34691746 0.49990409 4.48852223 1.99619533 3.00895855 0.89682934 3.34626582
0.92681569 3.08096243 4.39027778 2.14496655 0.92978439 1.56883313 7.09583475
0.92647056 0.04541160 1.07828638 4.06798452 3.28163994 0.83280022 7.93966519
1.99566172 4.08093077 4.91577235 4.73787838 0.92298452 1.28310454 8.27304122
1.32441598 2.15321100 1.21420207 1.69103907 3.40695149 3.99765103 3.65767907
1.16292629 2.73588034 1.38265227 1.65133237 1.75446846 2.01806281 1.62882576
4.09570071 2.07602529 0.47983392 0.38368239 2.94874613 0.92139455 6.51909609
3.07272414 3.49697339 2.11742240 2.08237810 0.53280477 3.47286755 3.81514297
2.27350459 0.51239823 1.26999044 3.69738838 1.16774933 2.78524140 4.25720079
0.05917399 1.62259801 4.34481265 2.39764711 0.22236043 2.80584833 8.49777061
1.39392282 4.91869674 4.67785990 0.99145942 2.62380983 0.18057092 7.32763636
1.48914148 4.73267578 1.64105106 2.32826812 0.88045360 0.50096644 4.38847931
3.60395324 0.37886648 4.32225320 0.84692322 0.03553684 3.02428348 5.66533701
1.57804690 3.67582889 2.62258590 4.56401994 1.40312773 0.84817776 5.28193706
1.26697168 2.47310064 4.48398893 2.71260767 0.14811154 0.36760903 8.15530710
4.63358864 4.82316760 4.66319547 1.84014475 1.21043354 3.27623979 6.72267962
1.04128675 4.58903672 1.98765708 2.37416463 4.79984159 3.14220978 5.32376374
4.72884957 4.15893891 3.88202191 0.38066982 1.29242117 1.88412595 6.86640333
3.43019034 3.44281232 0.01650538 1.92363228 4.14404186 3.82241556 8.27980229
0.37216207 2.63156907 2.90214761 4.40851835 2.65783770 2.57789250 4.93851861
0.40665195 4.08345339 3.10777038 3.01822988 0.06861057 0.85080082 6.63643362
0.32149868 1.72281513 3.53582086 0.34388625 1.17542152 2.43847237 6.65336803
3.76288942 2.45104107 0.69151659 1.49962348 0.42742458 4.04441451 5.77381564
3.66849942 4.40423010 1.08498900 4.19655040 1.42889811 4.06262975 2.96090828
2.95410187 0.87478524 3.45808025 2.18974599 2.25735125 2.16383602 2.60924002
4.55761969 1.42058434 0.44867261 3.88491052 1.43643525 4.06249651 5.79487793
0.32033301 3.17553567 0.77811629 3.98505422 0.66092579 0.46077638 4.45621809
1.87412564 1.15802815 0.36303840 3.32868460 3.69617661 3.07826295 5.98736376
3.81192349 1.65478877 4.17313184 2.70516076 3.56647945 0.66453100 3.23963995
0.23980425 3.50448411 1.50596652 2.06425776 3.66987830 3.40220250 4.46179225
0.46149811 3.60344704 0.74611226 2.84885796 3.78722141 2.05494450 3.94951087
2.80223565 4.92275261 0.38618833 1.16498094 1.57676955 0.96466012 5.67476864
3.69342860 1.24146587 4.66681285 3.84624855 0.49377953 1.63295212 7.50436587
3.66053608 1.04010614 0.77914308 3.43920882 2.64812225 3.57795384 5.62353788
4.11929892 3.27328649 0.76675792 0.98673049 2.58942229 3.71922891 7.34267077
4.36003695 0.98983993 1.53097983 3.73498028 3.66351575 3.46846873 6.09112436
4.00211922 3.77521899 3.14420431 1.10691661 2.62407411 4.24305974 5.98181233
4.93166303 2.61278529 1.92211269 2.57798464 3.82427768 2.06082333 4.98096628
4.77379499 4.78061987 1.85053395 2.90587481 1.23634585 2.79597739 4.09671163
4.33108872 2.68049516 1.34567014 0.57513347 0.07994030 1.63789873 5.30585584
2.38983771 1.40159583 2.44592646 3.24574715 2.81585571 4.44035364 3.09557688
1.28007800 1.69703555 3.59258779 3.89191412 3.24901002 4.78405432 4.14430251
4.31501229 2.84164979 1.34115090 3.48674532 4.38274769 0.06433398 7.62169384
3.78827085 1.47044060 0.32064751 2.25906064 4.11579464 3.75958667 7.63718782
3.76370522 0.88441973 1.84019718 2.75544827 2.88588455 2.07942439 3.92857799
4.11908815 3.42287359 3.19355139 3.71669717 2.47809800 4.98845401 2.43024765
3.29993499 3.33336432 1.00120380 2.53245280 3.90759546 1.89701991 5.40930464
4.05125939 1.34506370 1.63902478 4.46015989 2.74496634 3.05972850 5.72435064
0.22537658 0.26171203 2.70575164 1.77677156 2.77159926 3.31039245 4.44152071
4.54852086 1.13834392 0.10659243 4.82590459 2.89718578 0.96619985 10.53596197
1.91315352 4.61197803 2.31048959 3.49393595 2.72225186 4.29008683 2.08287540
0.57424880 1.71701719 0.80700045 2.06310855 4.79340954 3.05622168 4.52532779
4.08810775 1.60179123 0.11567865 3.12419931 4.28970486 1.57139212 8.70766974
1.52117168 2.99267958 1.72918675 2.17822628 3.31180139 0.39564338 3.22434910
4.37807006 2.04562396 2.27268165 4.51210471 1.04897146 3.58688444 4.77697904
2.57814986 3.48246241 1.24035856 3.77126729 1.66553157 1.59332048 3.58766954
2.49298508 3.70744995 4.96370699 0.65427219 1.61772854 3.38473229 8.24631920
2.76378750 0.42531336 4.73006720 2.64937104 2.99868644 3.87816388 5.09173082
2.35553459 3.67222190 2.96962333 0.46878199 1.19740151 4.35780055 7.53555295
3.07785212 0.38394857 0.24845627 2.46165368 4.15813440 2.25527418 7.42544040
3.51925060 0.60881748 1.81966396 0.64228450 0.78067021 3.12106532 4.38764049
4.26194770 4.04517100 0.70846913 3.13740107 0.53710607 1.68824449 5.12684869
0.76383892 0.00941063 2.45937702 2.04364177 2.90775113 2.15347601 3.10982739
0.02510953 1.00181607 1.08544776 3.07863005 3.13275317 3.18666301 4.38199287
0.53494053 4.55570115 4.28764533 2.74397534 4.82553770 1.34790039 5.66326334
3.90962817 1.21442165 2.00829525 0.24849375 0.80469206 1.42925056 3.81869816
1.09573458 0.90222811 1.59472613 0.61066813 2.05938727 0.29333212 1.14061011
0.60799349 3.12214540 3.70347234 3.59154649 3.54629026 2.70734237 4.02893310
3.03118988 1.86713293 3.11621822 4.30824704 4.49898150 2.80751051 4.48324255
0.55858810 4.44811987 4.01042995 3.35546075 4.45251277 2.07983411 4.97071080
2.47106788 0.98472751 3.09871502 4.67686566 1.07899255 2.48983981 6.72207858
1.78136386 2.33409487 4.96138209 0.37033494 4.06482574 3.10016195 6.61078038
4.28383697 2.64988814 1.29619913 2.48520620 2.73517027 3.13006455 4.56903084
2.14402291 2.68125053 1.73993351 1.68733284 2.08221275 4.07763469 3.48760536
1.89206808 0.17810356 1.31563699 4.52145076 4.30661202 1.08116214 8.94010597
1.27583635 0.53731883 4.73577837 2.00811147 2.19148363 2.62864873 6.37845263
2.93829301 0.50385455 3.76468511 1.50531571 2.84855956 4.05162099 4.00449842
0.83779770 2.89519729 0.74700309 3.42555331 2.59512600 1.91273336 2.92641477
2.28581596 3.61488031 2.75325648 2.64547007 2.89239179 1.83362939 1.89990050
2.12487536 1.42086845 1.70062040 0.58387106 0.45532971 0.52817010 2.18491573
4.73510884 1.45787354 2.97177341 1.30759649 1.07342558 2.26762070 3.89701932
2.16478117 4.70515264 2.54555287 2.34789240 3.73909602 1.32288258 3.96108929
3.40354801 2.23863598 4.59991537 0.47209813 0.72518096 4.66626203 7.84357197
2.02807498 2.73747292 0.29061446 2.78046831 1.75969206 0.75252816 4.24213503
2.15080850 0.30590693 1.33563918 1.44421284 1.94449545 4.14077472 4.16453043
3.82707974 4.21393491 1.82902374 3.23224902 1.57732630 1.03171710 4.44107269
1.59775639 1.97626760 0.78669019 1.21635450 3.18831400 0.15450247 3.73733424
3.56614858 1.00416235 0.76618953 2.40002974 2.60284126 0.00114904 6.14985703
0.33569539 2.93242008 3.77349623 3.82774458 0.58587599 0.55648772 8.11997395
3.98504017 1.18672504 3.13952237 4.58167268 0.73192336 0.32093882 8.39256573
2.11581777 3.40947707 3.45532343 4.60123628 2.81619867 1.94723215 4.52279608
0.43058584 3.25674454 4.28103830 1.58294127 1.15059694 2.76396874 7.54434038
0.18291075 4.58948322 2.81132888 3.40542818 0.86697255 0.75329890 6.17131763
1.55813782 1.80961582 1.56464579 3.97462335 0.87688908 2.79855315 3.52742341
0.40856645 4.77317321 3.70392461 0.51119056 3.86327562 4.86249087 9.74159887
1.92061333 1.23599400 2.15576269 1.50617127 4.32526943 2.44680255 2.72282245
3.82092081 0.59408913 2.19124982 0.45973102 2.85438101 3.95576105 5.19356623
2.16923905 1.83638114 3.76355446 4.02131148 4.77331646 4.71639097 3.93063556
4.40171458 1.49662216 1.32268525 3.01015874 3.53883149 3.39531238 5.68028639
2.20571774 2.63843842 0.49690830 4.67902566 4.98180779 2.84857541 7.50563864
4.14979981 4.84812561 4.57002586 3.50016567 2.04705146 0.32202549 5.46977286
3.05696683 3.38581799 2.92620675 4.81028889 3.17617596 0.72476770 5.52362103
0.08133348 2.02452166 2.21435763 1.95574743 2.11275479 0.63795163 3.45583941
3.92107283 2.44622737 0.05638256 1.73182314 3.12331256 1.22499226 7.03869247
4.24040114 3.76834501 0.24126958 0.63597446 1.35503169 4.87671794 9.46440293
4.70958583 3.10851181 1.19488387 2.66787187 3.47466617 4.76996998 6.64321956
3.60056349 4.46143788 0.14654243 0.45722350 2.09586105 0.22239301 7.25151176
2.76476620 3.71611494 1.65539452 0.80276422 3.16660564 4.21326989 6.84774445
0.89151031 0.56296615 3.17741061 1.82090023 1.13751330 1.50744295 4.67300453
2.02425569 0.96655783 1.27859272 2.66720879 3.74332250 3.38598968 4.42433945
4.48416826 3.05930858 4.25521774 4.40580378 4.61677773 1.04376493 4.74724563
2.52240178 3.92156642 4.50413215 3.67417883 2.03410149 3.90253190 4.47767565
2.70180503 0.51617433 4.84853770 3.03724843 2.50475875 3.54695504 5.70979698
3.01608860 4.21091879 3.09805839 3.21286637 3.40937377 2.44491281 1.83006834
2.86437313 4.20620720 3.56612071 3.77869455 3.98085397 4.62938585 1.76811911
0.77685303 2.82375472 3.26755509 0.04508317 3.57217153 1.77822433 5.49127689
4.38792013 4.30837781 4.19456813 3.25844236 3.49812561 1.20645774 3.23454066
0.28596711 2.25717223 3.66431603 4.57297668 4.09757199 2.68379226 6.03410314
2.31072967 3.94220973 0.16916375 1.35406829 0.80575869 4.61502534 6.68179597
3.61167082 1.24172093 1.22312573 0.17405986 0.89285336 2.16196493 4.63145843
4.47777567 3.41744771 0.32005424 1.05631549 1.04997365 3.75774147 7.57968012
2.36383332 3.10335731 4.28405899 0.70359845 0.67121403 4.47144877 8.29354282
1.59680727 1.69688842 0.61594936 3.26520467 2.39664154 0.14340559 5.44373570
3.83066841 2.29926752 3.19343516 4.70824156 3.47356289 2.00068148 5.21384378
3.72682737 4.84681914 1.31482917 2.34030747 2.02027565 2.61192634 4.23448465
2.65159435 0.30673486 1.88888204 0.61392258 3.18056741 4.92432112 5.32202587
2.37563432 2.83318324 1.94233400 4.43911204 0.95499270 4.80314264 2.71566926
3.31445913 1.60409035 4.23994056 4.95936573 2.48464337 3.94260946 5.50908519
0.56475692 3.96584804 2.90232115 2.52251271 0.52678222 2.69531477 5.12907309
4.18164901 2.02398086 4.63283749 1.85082546 4.00483072 3.64982461 2.38873739
3.12695485 0.02362467 2.96389069 0.15231319 2.47396367 0.83812362 1.05055855
3.64673543 3.18089448 2.09134549 2.92969584 3.52265436 4.78049922 3.91522728
2.15764258 3.71855046 2.81873004 0.50408631 4.42555511 2.40535869 5.77106174
2.30545506 2.51157139 2.65870716 0.45621848 2.35107420 1.51569440 3.18872349
4.92658421 4.75399030 0.78509991 2.81559886 1.16593815 4.56517137 6.36320604
4.61355455 2.07334320 3.03116005 2.49194602 2.59878525 4.07302912 3.27596390
3.90865049 3.63471686 3.66922357 0.39232968 3.61214539 3.59042460 6.44981938
4.11979572 1.44871020 3.26595120 0.79055474 0.52719513 2.66615756 4.39750096
2.99392546 4.51861701 3.61231598 0.53261407 1.56754626 4.38689690 8.39677930
3.09820845 3.03747715 4.24163313 1.81798935 0.98224745 3.48932819 5.33461493
3.82360956 3.22239000 1.42827185 1.17262320 0.15460072 0.77006781 4.48842037
0.75055387 3.57809480 4.33712963 2.98104281 0.49083875 0.02809263 8.48504139
0.11559937 0.43999643 3.21613902 1.23357523 2.85465659 1.46727561 3.63093435
2.49762566 2.86369626 4.21665903 1.32140667 3.36503155 1.07327547 3.19652674
4.08300479 4.38213340 2.33787801 3.59873171 1.22269431 4.42774082 3.30246477
0.93940152 3.44934534 3.02921948 2.80801856 4.94316534 0.90351777 4.88606765
4.83263177 0.09842958 4.14726761 1.41901980 0.50136606 4.41253705 6.20523231
2.49067481 2.18552837 3.76259176 4.03178209 2.61554580 1.72454082 4.81860971
2.81270969 0.33759238 0.82350813 3.40434938 2.74837416 4.78090105 6.02182890
4.78548135 0.57367976 1.32770542 3.37141161 1.29376068 3.54930440 4.62896910
3.20845627 2.41020529 3.91197906 0.38479380 4.09992438 1.21592579 2.99623385
4.47456840 2.94016637 3.38756432 2.20653773 4.08661044 1.43687241 2.35114284
3.44234775 3.21023094 4.68976500 4.62772139 0.65209132 1.65925989 6.89965202
1.66813669 3.32486921 1.70152502 0.07643860 1.64133171 2.60412585 5.77700604
1.01550806 4.20124733 3.91040068 0.62927756 4.38717976 2.83145336 6.85095417
1.87098806 0.28603569 2.68786015 1.35914361 4.99763334 2.91371377 4.13283877
3.41476243 1.03447723 0.08748353 3.98313810 4.73300678 4.64137409 9.13775298
1.54909877 3.52104788 0.89025028 4.97388686 2.83999109 2.26014385 4.93679007
0.43417808 4.01899132 4.95977330 1.83633407 1.70885189 4.44237053 9.19096399
0.10594496 0.09163634 2.75783205 2.34868943 4.82819098 2.46436222 5.55594241
2.72562813 3.33643976 3.78090643 2.32180860 1.75713897 4.79511221 4.65968661
3.21490878 4.28717301 3.49155357 3.00618222 3.79455712 0.10718526 4.22531162
0.39151423 3.01569449 0.10890928 4.81234765 0.77818763 2.61101857 4.11956584
4.07070656 2.36637826 3.94424410 3.86883675 2.35036383 4.37567928 3.18029742
2.41345201 4.99861420 0.18884750 0.37016618 0.49727630 1.77228581 6.57095071
2.67484464 4.09590958 3.84863621 1.38303977 2.82308803 4.91586024 6.63458177
4.81082887 3.34628287 2.86022625 0.20732485 3.22859314 4.49897736 8.00309328
2.42230755 1.53081889 4.42524821 4.12215237 4.21139952 3.65543355 3.78855514
2.75770240 1.91418939 4.40761216 3.20404685 3.03516627 3.69600177 3.55221540
2.32918462 0.69735670 4.88657188 2.28031884 0.78764351 0.35348758 7.53688316
2.90113365 1.94973198 3.52281762 2.31721465 0.60090082 2.07731307 3.65392217
4.83301584 0.93718158 0.70376980 3.12074411 4.86954373 2.51994812 8.87991532
1.17075356 1.94155119 4.36745369 0.49672393 0.33756934 3.32954121 8.43398398
3.32172952 4.89222777 3.30920395 3.27048948 2.75721591 3.93419909 2.48503705
1.93806505 0.21874019 3.24541936 0.02662703 4.07023154 3.47524734 4.86727879
2.31727831 4.02233231 4.94618110 2.07958639 3.94859769 2.70807116 4.44790464
3.43111684 2.13559052 1.23513208 0.58509399 3.70246458 0.47759149 5.15786765
2.37581732 2.97235822 4.26471810 4.59730837 1.38749596 1.39353255 6.79777835
1.27656868 0.39706869 4.21499253 1.36533819 0.14596530 0.16096544 7.33736964
2.79168191 0.50906194 4.78371676 2.81503534 4.20861194 1.49881944 4.48362117
3.18915469 1.38488226 2.20113146 4.40238510 0.30966581 2.96479185 5.55091696
0.29631233 0.63169181 0.11357878 3.96846795 2.99537580 4.14455059 6.22894743
3.83171092 1.38872389 4.76531872 1.41355652 1.72691805 4.72023166 5.42459265
3.42332164 0.72850580 0.84535837 1.39745613 2.62617245 3.72431256 5.59345430
3.08482325 2.71809716 3.07131945 2.07510994 0.84334502 1.38514392 2.97549330
3.40510067 0.69682249 2.27548166 3.81238533 3.25659246 0.61351081 6.65997568
2.79342960 1.25526161 0.06989480 3.92350676 4.05762218 4.04369877 7.80230291
0.35645536 0.02644399 4.74685869 3.81094097 1.99708230 3.61438676 8.55317554
0.33157036 1.47517955 3.32861826 3.85197780 2.20184685 2.69787543 5.43804704
3.80948077 0.33045652 4.01028113 0.19643474 3.08916418 0.28117486 1.16642460
0.32825689 4.74708384 4.62182427 1.87955506 1.02489649 0.56237067 8.99360204
3.96107060 0.61981297 2.88064054 1.10240649 2.37912705 3.26643211 3.40468983
3.33318372 4.57728320 3.72819052 4.76769924 4.79454363 3.97790005 1.76549323
2.45009173 4.98800835 0.95770924 3.67589398 4.07028565 2.83151474 5.21224617
2.96475284 1.66016106 1.38793272 4.21920129 0.44296076 2.97096511 4.57142368
4.74065737 1.18533864 3.19998031 3.27791380 3.14649052 2.25771837 3.62016492
3.21821192 1.62666106 2.51966088 4.88411784 3.48157750 3.96903178 4.65917026
1.07866005 4.26950184 3.84444011 0.14460444 0.99566534 1.96707937 8.34817176
3.80548913 0.58562718 2.92757128 4.02341392 0.06768736 4.86768837 6.53001593
0.76661283 4.73076942 1.62555115 1.63649754 3.63917372 2.52723241 5.41311261
0.07021260 3.02389511 0.66035640 0.32136517 2.35554871 3.73824376 6.58049420
3.54132519 2.08715071 4.43838994 4.01391945 2.61196524 0.69563069 5.91308775
0.96655008 0.05362811 1.74924441 2.02867346 1.29069330 4.65871862 4.79420017
0.72721471 1.57019729 4.02693132 3.34764055 2.63462246 4.37285567 5.47703378
1.05841468 1.08897387 3.88347873 0.34652263 1.99392235 4.18371275 7.19819787
0.45255858 4.40889998 0.92590616 1.58536850 1.80907960 1.22201044 3.81793315
4.21313552 1.76081256 3.59960605 3.80146241 0.39437326 4.73258956 5.46862585
1.16191493 1.66812771 4.13894456 3.67556308 4.15043218 1.26729431 5.99890924
2.78185963 0.99061246 1.97452910 3.64375265 0.50358546 4.61632450 4.53665122
0.88837637 2.61938093 2.62097820 2.59716594 0.92843467 3.78367608 3.79974930
4.25398813 1.59288967 2.05599479 4.21307083 1.69499441 1.53554678 6.12176874
4.45004445 2.58516738 1.19771107 4.43965229 2.19623116 2.32019573 6.08679098
4.26441316 3.97784585 4.91035831 2.89260736 1.36840466 3.97741183 4.96728193
2.98636830 3.61255624 2.78275334 3.58727013 3.98422703 3.59555480 1.40668129
3.74937213 3.51397239 3.89137036 2.69599308 3.67206204 2.80535406 1.07527619
1.50888833 3.71375100 0.17472387 1.15262686 0.87269681 1.45832004 3.64977424
4.34350755 4.18866310 3.62673450 2.36358232 0.88624523 4.05074424 5.17898420
4.64547149 1.24439008 3.84969772 2.69921102 4.13572736 1.83726955 2.56640080
2.51067766 0.45965880 4.18075017 1.64391531 3.30139595 3.06535434 3.71879341
4.67374319 2.32244219 3.13914981 2.01635970 0.16711721 1.97255653 4.53717593
4.21358691 0.43873152 1.10176270 4.74155625 0.16235351 1.78988146 8.40771474
4.10574896 1.44702611 0.78077487 0.09451184 2.37578809 2.91924917 6.83348252
1.57900019 4.33951600 0.31589376 1.05338545 4.08877723 3.90738703 8.25127218
0.48392386 2.75752929 1.23783936 4.76150121 4.23732803 1.69747979 6.42888791
0.95155265 4.10303787 2.25950515 1.11472741 3.50772990 3.29393581 5.77339155
1.48941806 2.79205759 0.43549539 2.90749563 3.35094443 0.25179759 5.00390123
0.46266239 3.43058545 0.35671102 0.05154221 0.55448582 2.63444430 5.97116682
3.60462977 3.39382022 2.22727411 3.97622359 2.66809900 2.48863768 3.04695490
3.99701538 2.38156724 4.30867546 0.52890876 4.90979456 3.77101274 5.17604974
3.00490820 4.76095622 3.11761312 4.10416597 4.77349271 2.21002470 3.18228131
0.61664009 4.37515790 2.24415564 2.97025718 0.84379079 3.41859225 3.62039525
3.87661330 4.01607474 2.91458038 0.77383701 4.53133043 1.26586380 5.07191587
2.31011303 3.70056812 1.91885877 1.55174393 3.52812723 2.21591225 3.92509104
0.90196692 4.17524012 1.49688086 4.32881750 4.67264837 3.97516589 3.80981534
0.96066006 4.83165599 2.60820676 1.40587917 0.41946818 3.64390223 6.93174969
3.18594299 1.52298574 0.09388006 1.50860984 3.69575371 1.58539083 6.69478827
3.71854772 1.82302691 4.36965937 1.82357822 3.75127687 1.87984350 1.27204883
2.51882630 1.18251091 4.40747488 3.63127430 4.41217890 4.70951082 4.17072728
4.76510824 4.55680859 0.70448190 2.01316716 0.89826129 3.90818648 6.69643522
3.19255072 1.13289857 1.41844607 1.22190860 0.62294924 3.50274269 4.19191461
3.44357611 4.15646068 3.58357093 2.50740579 4.86011978 2.97865890 3.01574242
2.05696274 1.24455891 4.29835206 1.99987319 1.80986215 0.00900060 5.55210511
0.41146351 3.88502769 4.21104575 4.34871911 0.12303112 0.44274776 9.48183872
2.80765143 0.68846961 3.16466526 0.75433911 3.17274207 2.81083049 2.41954672
1.25778104 0.41214250 3.10371105 1.63491407 2.99090887 3.01869700 3.60256085
2.21323141 2.25934145 3.48430724 3.23794417 3.03112500 3.39358691 2.08331464
2.29143056 1.13967679 1.87536228 4.36043477 1.93186163 0.36108282 7.24727235
2.64817311 0.08708293 0.87518739 4.31585871 1.00120166 0.29641010 8.60683763
4.29040682 2.96470303 2.05995329 4.30784492 1.15834688 1.11467861 5.92165452
2.49501758 3.07744930 2.74121834 3.34709405 4.60320047 3.59907802 2.24408976
0.38017747 2.44422153 3.92209213 2.70940415 4.88704510 3.87240168 5.06301863
2.45882742 3.06765532 1.48662232 0.25550842 0.52144601 1.69516432 4.70871388
4.65236514 1.80407756 4.87046347 2.31109646 3.19354001 1.44260675 2.44041487
0.54479766 0.65717844 1.20330845 2.56539002 0.97270435 2.04486380 2.58796059
0.71324247 0.59940077 0.85722083 0.65067521 0.45284546 3.80114498 3.32915133
4.93853428 3.51374530 3.70471554 0.82379894 1.30941226 4.89777402 7.68537771
2.00117966 1.92752568 1.27669693 4.86738340 2.64676931 0.84717933 7.27506164
0.00627584 1.29378273 2.32661486 4.93962133 0.20378451 2.72343106 7.39044782
2.50939287 3.17344439 2.86556617 3.30743039 2.32793813 3.63636634 1.01081326
2.25175855 1.64048117 3.99250402 1.86245409 3.78872689 3.86804645 3.77075907
1.25981308 1.25027272 3.22789244 4.35518042 0.76742438 2.81024973 6.58140115
4.24235515 4.31084423 3.82236744 1.19270266 0.20756829 4.95942157 8.36692568
0.26223006 1.47547889 3.72752076 1.23622080 2.18244319 1.24381822 5.01863681
2.50049844 2.90404198 1.46419499 4.96672994 3.46010940 2.33311864 5.61285665
1.49371212 1.31146742 2.23350775 3.94877877 2.33598872 2.16956196 4.52127306
3.42773546 2.04925910 3.89166832 0.27770508 2.10310941 0.90415283 3.72638750
1.20606729 3.31235079 1.38644084 0.64256268 3.23876668 3.25237504 5.87622294
1.79533543 3.93490744 3.40557001 2.09010018 1.50989673 4.34436781 5.39409385
0.28116795 2.91059089 1.74057348 3.92011235 0.39014412 3.01594846 3.39970989
1.38747693 1.15038929 0.36065791 1.45863086 4.93429356 4.12078233 6.36408017
3.32621049 4.33190196 1.77660935 2.54855936 1.91902742 0.02714091 4.88797297
1.95424266 0.35007596 2.90035772 1.81789545 0.96476604 0.81271588 3.92735046
1.53393831 2.95889457 4.60657964 3.62825410 0.62364086 1.18090725 7.81945677
4.75993880 0.19819526 4.74033276 1.30105829 0.90241310 1.16019989 4.94354096
2.19641837 0.37323041 1.63226104 2.84123819 0.36623089 2.84464341 3.79770135
1.39023223 3.23235842 3.60226615 1.34480897 0.15412471 0.08384743 6.57938094
3.81184201 2.83395445 4.57357267 2.42590051 0.21333095 3.78468441 5.43119824
4.52953342 1.43418306 2.85206038 0.06564086 0.97332230 2.63635918 5.34896907
1.11571642 4.94804746 3.12254336 4.54786619 4.18810015 2.60212982 4.26473867
1.46631403 1.93810129 4.70900871 3.58584130 3.30584404 2.81790259 5.23688537
1.28849085 4.35736454 3.85400115 4.22651339 3.22593099 1.76417194 5.11002543
2.20612652 4.19035408 2.36457129 3.93587918 1.19487730 3.24961417 1.65592060
0.63425670 3.02277106 4.20072185 0.84966996 4.16436130 0.16863288 4.85837412
3.22579251 4.89780811 4.04220196 4.33262333 3.13613873 4.24522284 1.90322317
3.88918882 2.00104061 2.29771453 1.40798349 0.52082244 1.95297007 3.55697345
4.64530333 4.31752140 2.53484677 1.26000163 4.61282364 4.29296016 7.39168895
1.31897731 1.49725650 2.64585405 3.52230329 2.47676905 0.41484173 5.53309456
3.01330634 2.46928116 1.54247646 4.40131716 4.03952194 1.59628651 6.18364314
1.67862695 4.09880875 1.49037620 1.42844912 0.22357433 3.27651322 4.91755110
0.88874107 3.65347578 0.75026233 4.52796040 1.61673250 0.90717734 4.60839609
1.86966229 1.99570157 0.77296098 0.66684575 1.66032113 3.79305879 4.97267607
4.59360369 3.09142624 2.85056473 2.56296894 3.99037151 2.31286685 2.98831091
1.90701748 1.51849730 0.02122088 2.63349476 0.51075249 4.57980592 4.19769436
1.53768289 2.88740928 2.31382512 0.20453633 0.39062204 0.09425415 4.71924697
3.67669241 2.24400646 4.12720835 3.59493530 0.88634342 1.19962148 5.45404867
4.27096442 3.59287884 4.93818427 0.53115228 2.65046869 2.85026118 6.39117696
1.73569284 4.36420961 3.01099257 2.97734918 1.68864486 0.62923832 4.57893581
0.65245667 3.26687890 3.27106825 3.87860109 3.51671969 4.54036753 3.39500247
4.89417625 0.18683894 3.60830781 1.73465622 4.24568766 4.95177042 5.29190726
4.65833849 0.88051180 1.01974071 4.65510797 0.67236091 4.64077869 5.59047695
2.45476710 0.54831402 1.43545060 4.57349739 1.28814883 1.28097397 7.44805802
2.28545913 3.71570318 2.94810371 1.03206283 0.35175969 2.38196569 5.69054151
3.50657913 4.71908501 0.22476179 4.36572740 3.78132832 3.45539212 6.97200842
4.40699769 2.90613867 2.32712220 4.04499845 2.46589937 2.37554451 4.04647412
1.43466185 4.20659220 0.68218222 1.95599970 0.01920852 1.16866832 3.40233911
3.93901469 0.55295519 2.69593560 3.53905620 1.09180270 0.11252440 7.01794108
3.82904592 3.54078686 3.83731360 0.78156549 3.73924996 1.54356480 3.52751718
0.30575113 2.62380465 2.38172585 4.21834579 1.38865913 2.13278156 4.92760326
3.94423459 2.01728187 2.30895471 3.21415222 3.64255610 1.14719833 4.48631994
0.83557535 3.58687216 2.48691152 4.11464336 0.52792719 4.22619219 3.69578208
4.26106406 3.84908347 2.19363129 3.25871362 1.33774433 4.25712373 3.46512653
3.84761560 3.36944961 3.52787705 3.72467358 3.08383536 2.49278748 1.78740152
0.49936567 4.81476745 0.44546970 0.70077879 3.60210875 3.49028652 8.32690901
4.55875664 4.53071204 1.44119622 2.43508903 2.36721161 4.35025243 5.88372524
1.72653821 3.85059135 0.27537690 4.26106727 0.81737948 3.58882470 2.37162385
2.14643587 2.43929646 3.33490251 4.09428869 0.86138839 3.18660192 4.67231059
3.42510693 1.15997231 2.11603723 0.22930445 4.02351639 2.83227956 4.83324368
0.04982056 2.24264398 2.35259282 4.72048618 3.97004692 2.88677256 5.82780140
0.29542526 0.72925004 3.64259102 0.05102461 2.69964144 2.30111320 5.85487078
1.11086024 2.39957316 3.18374137 0.83738506 2.05563722 2.91700075 4.96151156
2.01301763 0.24838122 3.23570847 0.60465835 1.15802212 2.66474544 4.19941498
0.07900024 3.60277433 2.48245163 1.86063649 2.06760985 0.12486681 4.75309183
2.71999503 1.57256273 4.82283261 3.00219948 0.33122681 1.59110759 7.25083783
3.87058177 4.54205690 2.11024291 2.47830013 4.83269498 1.95629391 5.48458757
0.07747649 0.64312391 1.85980193 1.73444480 2.00870462 3.86689584 4.22753943
1.28805311 0.45598174 0.33589659 2.04836106 1.30081397 3.42614731 3.53740691
0.60595580 0.93139436 0.80300013 2.95011831 2.82287916 2.88041300 4.04939916
1.23082840 2.19379330 3.93061289 3.38862040 2.81241845 4.13996942 4.29953949
0.20695470 2.56700718 3.30930269 1.42838040 2.71962394 2.63965831 4.65188668
2.33083760 3.78344885 2.33079509 2.52226767 2.19098124 0.09372020 3.69374993
2.44401024 2.44204662 2.42474843 3.93841430 3.98090228 4.92032777 3.33653753
2.35276886 4.46585887 1.39683966 0.92359390 0.91443142 0.03663063 4.67864782
3.67482294 3.53752733 4.59588592 2.79220030 4.39653450 3.09919403 1.55089112
1.58205199 4.01102365 4.40212838 0.61747239 0.81356487 1.91450617 8.22813927
2.58477078 0.82757076 4.30362912 3.61217389 4.20478358 0.94807625 5.93831345
3.67145236 3.28137631 2.71167100 0.38310946 0.95280177 2.62386043 5.90166396
3.18048670 0.50110591 4.05230103 1.68296852 2.93029985 3.98380527 4.02845636
4.77371364 0.71277853 0.07379508 3.60120249 0.80245957 3.10451984 6.39838341
1.34695801 4.58942493 1.87128632 2.42451609 3.24274357 2.81117669 3.65242024
1.75717225 3.63355953 2.65725771 0.76878963 4.99163083 3.11590632 6.31316751
0.50328779 4.38220143 4.51375927 1.94531793 0.82368031 4.95289252 9.45327236
1.90421306 3.50228091 3.75193754 3.61217031 0.19917255 0.05052055 6.88164415
2.50642671 1.22186881 0.26140284 1.20511929 4.53587252 4.17252899 7.44860549
2.85179176 1.03252278 0.22843201 2.44294615 2.70809278 4.68951370 6.32448456
2.47242095 1.93961423 3.62819958 2.12982586 1.90558766 4.30142847 3.94319359
0.58805174 2.55950305 4.52257807 3.92421947 1.82607095 4.26906943 6.88295527
0.03286533 4.39666955 2.23066667 3.07127453 3.24010356 3.78904220 3.80512508
4.84340586 4.33433445 4.67355633 2.35754856 1.21896686 0.10731613 6.10690025
1.25923235 2.65081808 4.95623476 4.79402380 2.22751233 1.06691505 8.89253542
4.36656517 2.62872601 3.68772936 4.41601053 4.52017496 2.18979305 4.28862339
0.04380171 3.18356292 4.77860280 4.81989749 4.21558588 1.93806938 7.94589487
0.61075256 2.04746321 0.06246604 2.82365910 2.82798478 1.70366991 3.93401544
3.69080143 2.53607498 2.84167225 2.43236478 2.25895639 3.44974743 2.02788329
4.19564124 3.89932777 2.48888896 1.63505220 4.62990558 2.07997883 5.02223837
1.70990445 4.23029628 0.53143814 0.03451522 3.50352243 0.27107828 7.33962144
1.49189695 2.18713254 3.29652187 2.64551578 2.09616399 0.58005813 4.25085824
1.56976118 0.98700278 2.53701588 0.00486819 2.98908063 4.53069694 5.92681663
1.96202022 1.95751470 4.63585886 0.55198543 2.45106428 2.23485934 5.77853669
3.41187927 3.50814022 1.55115890 4.86388692 3.61437599 4.45995395 4.40463036
2.31643041 3.67764318 4.41253591 0.64742629 0.71957795 3.24340215 8.19863738
3.12081047 3.67560432 1.17215903 2.06801093 3.75845409 2.25204922 5.11901747
0.69025024 3.32894032 0.22403300 3.86270961 3.41462053 2.98115386 4.01884313
3.66011533 3.26733205 1.66797292 4.59227793 4.34237443 3.76233800 5.19273037
3.63611319 1.66884204 1.54645826 3.16126293 1.12065215 4.35096347 3.83147944
0.64419202 0.30627739 0.82420297 1.46530200 2.92160428 1.41606589 3.27089942
4.54660768 2.52447045 1.97210480 0.49719922 0.82220213 1.56175678 4.84389487
1.53963034 2.50846842 1.95589709 2.27780486 3.02077800 1.31474675 1.91167886
4.11504882 1.95283322 3.65061995 2.27001102 4.14997038 2.17591970 1.07053974
0.41941198 1.31141472 1.90553578 0.17679400 1.09193532 0.77046973 2.87691269
2.19441000 2.19553589 0.08213950 1.12630934 1.86581311 3.65418994 5.46128564
2.70951952 2.75986789 4.10340940 2.61349190 0.18967471 0.07357601 6.06722612
1.85473045 3.34090064 0.44575000 1.21165741 3.97207192 0.78067044 6.10577607
2.15521468 0.67914585 2.94009041 3.98365720 0.70407575 3.16898889 5.77624259
0.31181760 3.81114813 4.31977890 1.11893667 4.26078893 4.10910345 7.81897357
2.79546150 0.37398984 1.67292271 0.45121407 1.58016907 4.62217090 5.29717997
2.70859506 1.55994851 0.63439806 3.54631512 3.10394947 0.68484683 6.65169680
3.84629670 1.00429822 2.64703526 4.02740914 4.71202300 0.50830887 7.33252135
4.19320801 3.04632014 0.77611550 0.89616407 3.36804515 4.08248466 8.14468816
0.74121643 2.44431090 1.00504187 0.44373627 1.83341227 2.37584289 4.12009293
4.03790062 0.77493013 0.27302937 1.10836376 4.57823509 1.32069938 8.09004640
4.82176942 1.97566647 2.91658240 1.72531019 4.09699428 4.89793268 5.30666654
0.44093415 2.47498882 2.39446503 2.22486635 4.45020502 2.95304238 4.15037411
1.80495498 4.29511920 0.82645120 1.36630933 3.92727826 2.87356210 6.53568791
0.12851919 3.90107321 2.63706783 2.65042284 1.17333237 4.87537929 5.46628362
4.00441806 0.74169173 3.46212038 1.51932902 0.74622112 4.06249548 4.66878041
4.37660846 2.08638285 0.85666931 1.63100890 4.47835736 4.23828102 8.01183841
4.85616858 4.89526673 3.24995907 0.35249194 2.51767269 0.74169791 5.64766396
2.08402580 3.59338286 1.23806511 1.10853893 4.32459240 3.43129898 6.48778277
4.64552363 4.67059381 3.11252106 3.25150873 1.73059602 4.70968976 4.09797682
3.63256988 3.32792972 3.51035027 2.64848008 4.30670051 3.74441368 2.04506642
3.99905930 0.10645175 4.19010048 4.35837186 3.75029322 4.60253334 4.75924578
0.54208209 3.65074723 2.85269788 2.75651084 2.10577690 1.36980923 4.05268645
0.53680956 2.85657486 3.21309874 3.03617912 4.63803107 2.66315973 4.15525691
1.92362008 1.43941782 3.96887973 2.41405320 2.20152466 4.02446832 4.65663362
2.55269187 3.52213898 4.03043416 0.43406344 3.28687843 0.82930234 4.26551291
1.08800470 3.79905766 4.29314132 2.07753953 2.15922851 3.78326851 6.37007021
3.38732934 3.05718637 4.15937683 1.56629985 4.69835823 3.67442348 3.85486161
3.59959841 2.69076327 1.03872750 3.05965209 0.16089215 1.47626033 4.39775204
4.40830327 1.24340045 3.70989729 4.31749347 2.73513841 3.11062156 4.70378315
0.04278337 3.05993249 1.49866502 3.41215501 4.96099120 4.96369084 5.29195239
4.24983599 3.82394432 0.80501512 3.84607516 3.52722369 1.95411775 6.75999713
3.53273453 4.95570982 3.36713163 3.96726211 2.81164753 1.48423516 3.54662689
0.01615740 3.13861416 4.24903486 4.81663661 3.26003342 2.29992851 7.25741216
4.10855424 0.33975198 2.16334541 3.63552431 1.42697471 1.49932761 6.08655573
0.81424565 0.71786611 3.23842975 4.68552816 4.89018586 0.30979731 9.32673059
4.96994142 2.08792108 3.36603255 1.04411937 4.11001097 3.34372605 4.33060704
3.14183778 3.08638760 4.54899894 2.49893590 3.73763307 3.69626439 2.97120502
0.38345424 3.23510500 3.51049585 4.35475509 0.37091478 3.50920907 6.57289481
2.85353341 3.47962910 3.14353342 4.75460459 4.72627096 3.80441000 3.15359801
1.11395142 0.32684914 1.97568310 1.98894642 4.15244817 1.55441644 4.09191652
2.88221327 0.66023830 2.04440819 0.83024449 3.06636528 3.18947352 3.42594143
2.07267623 2.78210407 2.56835351 2.45896971 4.27833339 1.83183399 2.41305645
1.75318171 4.30706239 3.07532779 4.20800209 3.78003110 0.18746466 5.40768087
1.17993443 4.80581975 1.32699129 3.26324433 0.40928508 1.45985803 3.57302831
3.50617397 3.73553593 3.52045014 3.46703882 4.10105459 4.79953233 1.72236890
4.94205014 2.29313134 2.53180115 3.89951069 1.57114924 3.73545813 3.87106640
2.42121141 0.75120774 3.65875463 4.98786885 4.97520111 4.28574939 5.90568670
0.00234868 3.05826754 4.17415324 3.60560910 0.75861442 0.02344218 9.15708480
2.93976291 1.66717840 1.74038573 1.65745672 4.73498955 1.41527739 4.20379720
1.98927954 3.37928929 2.16990738 1.39234847 4.10002034 0.45235175 4.14197597
1.54187751 1.83364547 3.48121310 0.40624228 2.34574986 1.34726356 3.88272756
3.25529291 3.23398142 2.54001897 0.15152660 3.57043457 0.01347489 4.20397763
0.67694443 1.71295805 4.93909347 4.09418668 0.39741812 2.33759922 9.75176889
3.06161828 2.70841909 0.08941776 2.72296914 3.98577228 1.26559339 7.13222684
1.27090294 4.74358450 4.38294309 3.23150568 0.26655842 0.26107467 8.53616603
3.15721287 0.60704313 3.45934258 0.58537462 3.22195261 2.12833883 1.86402474
0.80342826 0.09742003 0.29127750 4.78275241 4.71492203 3.15930310 9.42537596
1.60472969 0.74265836 4.51458837 0.79025236 4.01153128 0.77553697 3.41352015
4.24730523 0.81483613 3.43325979 1.88391943 3.65275124 4.14202934 3.61248181
0.93368846 1.74220860 1.33310587 1.64170233 2.20150617 1.16621465 1.40192299
1.49043177 2.62674140 3.28317319 0.82673727 4.78092998 0.78832450 4.03870922
2.66232323 0.09054260 4.46035835 2.46427188 4.21077904 3.81754208 4.35393062
2.36919663 2.65942409 0.29857993 0.81348624 4.26176143 4.25195648 8.02086842
3.89963925 1.94602885 0.47280059 0.16041129 3.21903832 0.01511082 6.61422865
1.27470081 1.40852609 2.12427066 1.22779091 1.72288259 0.16514534 2.00450773
2.55393257 2.45732564 1.33605624 2.62857670 3.49407905 0.38367228 4.34380336
4.39988036 3.25569264 1.67373970 4.57485390 0.06099707 0.97073170 6.97703373
3.45683664 3.98291112 2.53504738 2.34750196 0.97742755 0.65441500 4.17789276
4.33126059 1.98304037 3.96343400 2.58938822 3.45646210 0.96172086 2.41398627
4.46707062 0.57377293 2.17245386 1.44824005 0.41543584 3.01232447 4.80793084
1.50652046 3.14162877 0.96396682 0.88556961 4.88451884 1.89066175 6.36771808
4.04053899 0.32189446 2.03261372 4.02053652 3.01347415 4.21145835 5.20779797
0.90166510 3.64478633 2.80025740 3.58439909 4.46098584 0.10121053 5.75838921
1.57728016 1.32907170 1.12766487 4.37014685 2.45109027 4.12826542 4.41948078
2.10100276 4.55202772 2.08325696 4.66334788 2.76190473 1.11633027 3.72408235
1.30798493 4.03628145 2.78839082 4.71908318 1.22438486 0.74920031 5.89714100
4.37905921 3.04023167 1.97903012 0.92232835 0.98984005 2.58447102 5.13510546
2.82500992 2.20712135 3.17386065 2.78431472 0.15028169 3.99412227 3.93105881
1.40318199 0.24395340 4.52663799 1.09313087 4.98449194 4.30616023 6.48231907
1.38474254 3.47533832 1.21882033 4.53936323 3.81310775 1.87335521 4.79682030
2.80959080 4.69906287 2.97193394 3.66307706 1.02592500 4.13828169 3.05181860
0.26088795 3.16199112 0.72095640 0.20897750 2.28586870 0.62586935 4.60812767
0.33679756 4.52260335 3.15906300 0.20923260 3.60257602 3.43976596 8.41547921
1.52252234 3.36433072 3.04311898 2.05985646 4.34224579 2.79271153 3.49504252
1.85545823 4.95953135 3.69588636 1.46941227 2.60511865 4.57555566 7.23774079
4.88303191 1.25468632 4.74210614 1.44810709 4.61200609 2.38282920 1.18304772
0.70312112 2.29496378 3.92066419 1.88386181 2.43445999 0.41190249 5.33546150
3.68200471 1.99594216 4.71522292 2.70771466 2.04921341 4.85781427 4.67964218
0.20030686 2.17389456 4.07058787 4.50365096 4.64205755 2.32993115 6.76497740
2.78528090 0.15706407 2.94755845 0.82809033 2.78660481 2.45245078 2.32268486
4.71051171 3.98779919 2.72239412 4.63941335 2.42497379 3.75569276 3.02460635
3.10193933 4.09768529 1.12903868 3.52448887 2.27049095 2.30233808 3.72677432
1.16400330 3.66848736 2.72849007 1.62703479 1.13852210 0.30095752 4.64237428
0.21023749 3.67407872 1.95769470 0.08116113 2.17585978 0.91128519 4.85364364
4.71688756 0.34447866 3.99441466 2.87686290 3.55698127 2.76476937 3.08499405
2.17812936 0.68421636 4.32305229 1.65374855 2.46598837 4.76054703 5.97338062
1.53581724 4.92982566 1.40432371 0.37524345 4.57580923 1.12494152 7.81537051
2.29008131 0.88109430 0.58178022 4.71060020 0.83907589 4.53517888 4.50466345
0.26197627 2.63182106 4.13918289 2.44561433 0.18787930 3.29334340 7.92289364
0.36178234 0.02724322 1.87887406 2.81139151 2.34290685 2.14720637 3.98088167
4.41089298 3.78663238 3.44836078 3.71041658 2.53712196 3.46047473 1.91044026
0.71503720 4.97916390 2.66887556 2.68112913 3.19028530 1.05275077 4.72618332
2.43048765 2.67572413 1.11985579 4.85909211 4.02127159 4.38449990 5.48651191
0.22489148 4.87739112 0.47554554 4.90647837 1.23577457 0.93740417 4.29356098
0.64651333 2.48617189 0.41996914 0.60618185 1.15530133 3.36716853 4.75082003
1.20094552 3.84797921 3.51207960 4.71979735 0.53766357 3.14075668 5.83767163
1.72968867 0.13564419 2.38288032 2.85276718 3.90804222 3.03314249 4.33032438
4.16934479 1.27452874 4.83661071 3.85788873 2.80231618 3.90574256 4.70300133
3.13887133 3.47351695 4.52895863 3.02883115 0.16916237 3.00168236 5.81936296
4.95403250 3.70612551 2.91670902 3.63093618 0.55483005 1.71522602 5.07983160
2.49047347 4.24011881 4.74446795 2.11774795 2.35282127 0.63075572 5.91218128
2.47246167 4.34854770 0.61025945 2.42687836 2.02606335 4.67103954 5.32937470
3.90572481 4.64763651 4.95957454 2.25800372 2.60113817 3.34801163 5.20983526
3.52308296 0.74172533 1.22069909 2.14167991 3.09165916 1.15663220 4.80902453
0.52201021 4.55423168 0.58033909 2.61733748 3.70270981 3.18395325 5.11113837
1.23359668 0.14378997 3.56561002 4.49307051 2.27616724 4.98535809 6.31525155
3.38545033 2.84420830 2.44193322 4.03503606 2.21308536 1.04741244 4.51568303
1.70246698 2.63416620 4.94206937 3.66336219 2.54884199 2.69457984 5.98103159
1.31666219 4.11722293 4.96366488 4.90480637 3.10962234 1.94780667 7.22124933
2.74939727 2.57566441 2.20820808 1.83459468 2.11592603 4.76096378 3.84546754
3.53996241 1.37538467 3.95437676 2.67332163 1.68540474 1.99678080 3.73017718
3.27935727 3.10001120 2.49546100 3.42437561 2.92408108 1.40916196 2.90864620
4.29399964 4.14807842 3.67253207 1.63411968 1.80396850 1.72761767 4.46053652
4.57959903 4.30262258 2.39832903 1.20926938 2.58618681 2.61930640 5.20756839
4.25000295 0.20708129 3.10587376 0.61554751 3.61222206 2.33812294 3.01031038
1.57720027 2.81747481 3.22654848 1.75255497 0.72610484 0.79896430 4.63937146
3.56374600 0.86670745 1.78990085 0.53195832 4.98444121 3.28964141 6.02533294
1.52660548 1.77928011 1.58805709 4.24737556 3.35830696 0.38844052 6.71446564
3.94765411 4.83137696 4.23935979 2.24972957 0.32364125 0.29336809 6.97531213
0.49463766 0.47152318 4.28164111 1.01624334 4.26966274 1.18227010 3.99243729
0.99883687 3.91579928 1.53291505 2.94198264 4.26023691 0.56312438 4.72966918
4.64578571 4.87189847 2.09954217 4.35138165 3.45616429 4.99839928 4.10191789
2.83131110 1.03824269 1.03082269 1.18682671 1.51370752 3.03054497 3.71251413
1.31156869 2.56659144 2.46873847 3.36871342 3.17935773 1.28643254 3.60819053
4.33638834 4.30274391 3.68192890 4.55804880 2.41703416 2.80296325 2.86589035
3.19277091 0.24363846 2.27546812 1.91427334 0.53412274 4.75246694 5.23571156
1.96070725 1.67297656 3.28412508 2.01327982 0.56248102 4.67495942 5.17329110
0.87826043 4.55710869 2.67864718 0.11873853 1.45354985 0.45662690 6.06046562
0.43182688 0.30603547 3.83540190 2.99178254 3.32897546 0.88258210 6.50476130
0.37622369 1.00115715 0.20981912 4.86878062 3.58795957 1.97227926 8.32109519
1.81053706 3.36283685 3.95166876 3.96692085 2.38222911 1.23899405 5.37189363
2.38839037 1.03435002 2.28568109 0.98868828 0.46600449 0.32600554 2.04898946
2.99262381 1.03679270 1.67329180 1.28714554 0.19564516 1.66228725 2.86739826
1.53227073 0.20424737 1.89450187 1.88699368 0.67439751 1.24142542 3.10165910
1.19757179 0.38432480 2.38343886 1.69973479 4.52963171 3.10301406 4.33528230
1.23212062 0.09155081 3.90322199 2.95760278 3.47053966 0.27176930 6.63824699
3.69462654 1.42007676 1.84538379 1.83878314 0.66853004 2.24403089 3.14072501
4.92309791 3.42334562 4.04749748 2.92376276 1.80770343 1.52327970 3.64969294
2.29186094 4.83112144 4.81062351 3.34948117 1.75843975 2.02562730 6.24915179
2.77074548 2.75778754 4.50615001 2.54609831 2.14018343 3.11958540 4.18274651
2.41818730 0.62776695 0.07863504 2.03914042 2.92155210 4.07978016 6.23178699
2.83379429 0.36477299 4.25171610 2.76343912 2.30309913 1.31674365 5.21335335
4.44463723 0.19215667 3.41696033 0.62942708 2.04975904 4.68707917 5.39863349
3.58991805 1.99207707 0.37885716 0.76508076 2.79564572 3.38060051 6.99865671
2.30370203 0.06431598 1.27550991 2.03705438 3.04345323 4.32166013 5.11338641
3.73224445 4.77473087 3.99083361 3.45391498 3.94735868 2.72761311 2.07349301
2.02482095 2.48731327 4.58807397 3.62428443 3.06531877 0.14870496 6.59862580
2.25268776 1.42751389 3.51692054 1.62698956 2.75580645 0.10963353 2.97741952
1.00553127 1.07623196 2.95854126 1.39755590 0.73950187 0.65149366 4.32036584
2.51297690 3.30283793 0.58301865 1.56782324 2.75813861 1.79688281 4.78233842
1.21741792 1.76100082 2.35890759 4.33166944 0.47210912 2.22718341 5.63916858
0.91497177 3.68890265 3.11899024 0.31783375 2.40855806 2.08712481 5.93422500
1.00095760 1.64357815 0.82432908 3.45922899 4.15737182 0.43212838 6.32672256
4.96328161 1.38423908 4.14386269 4.53958175 3.00727174 4.76035910 4.41784021
4.49429876 0.12027897 3.97460940 3.50070288 2.63209102 3.97478994 4.84390543
3.82081432 3.36921118 4.65826444 4.95591962 2.57403637 1.79051627 5.58410625
4.36569047 4.94217140 4.09827629 3.27845381 4.78466321 3.14018183 2.38524748
4.44904846 1.32682353 0.23820375 4.63008446 0.33840526 4.97777479 5.71373281
2.02508195 4.34900394 3.88310050 0.54850939 4.29889390 0.92942540 4.79426362
0.31892685 3.23600885 4.19374256 4.40757831 4.38679780 0.26778339 8.19235173
1.52406482 0.07174522 0.67927288 1.63517508 4.98525799 0.49863093 6.23052504
1.65552990 3.83720501 2.49138359 2.89947183 3.51330499 2.44242709 2.37565275
1.57030503 2.77221254 0.91463603 4.23773279 3.62704912 2.92758048 4.61776221
2.37274897 0.48602620 2.66336033 2.04746466 2.55535837 1.15609231 2.48614367
4.98385116 2.44042765 0.01508173 4.02526288 3.53932854 4.04748353 8.73971448
1.47162188 0.66735198 0.37320248 3.59915215 2.51271486 3.63946865 5.27070319
3.71746208 2.76421356 2.49441952 1.99433584 1.51556519 3.34872288 3.11626335
3.12388769 1.63805361 4.55910286 2.99060645 4.54921379 4.53435213 3.51589342
4.60106977 1.37365650 2.55519483 4.18024479 4.75604250 3.47886980 5.78302125
3.11552992 0.97738471 3.98150816 0.20195442 4.69746200 0.15618070 1.87983138
2.11544794 2.31392834 0.83313813 3.72264202 2.88234890 3.96482958 3.96841173
4.63162623 3.13800728 2.65608797 1.85505569 4.32650053 0.31753308 4.62586951
2.42588801 1.28265455 0.51601361 1.47465502 0.04446737 1.83515182 2.51306136
0.09254919 0.13212143 0.97302192 2.07373772 1.05594060 3.91674738 3.97679944
1.13813939 0.27986006 0.24117485 1.90759899 4.30401520 4.23095143 6.53875451
3.50937675 2.38550276 1.05634425 2.53935700 4.72370242 2.62398521 6.12618712
0.59285346 3.92158943 4.18218906 4.38019812 2.88881419 1.26340894 6.99300673
1.17289086 4.18662150 1.49156464 0.43229893 3.63216211 1.41621371 6.12371907
2.47814041 1.22160273 3.35034623 3.74100704 3.33271748 1.60471156 4.80247793
2.04584106 4.42262395 2.03604938 3.85685837 3.32303705 3.04436031 2.08785239
3.93651620 4.85301951 2.62736370 1.73358067 3.70106392 3.53498352 5.48012664
0.32535987 4.65871018 1.89992269 3.68833655 3.69502643 3.50020409 3.65449548
2.59249130 2.00447792 1.41075513 1.85873485 4.24222660 1.58462209 4.03539834
1.25692638 0.62248274 1.46395863 1.45405355 4.12911565 4.66313943 5.02844113
4.77072722 1.44838477 2.83186806 3.23713467 1.61857569 0.44325231 5.68391145
0.66006912 2.56392157 2.47661591 2.97951439 3.26013918 4.46075423 3.53918341
4.62068026 1.05371062 0.30152672 4.39496037 1.23294387 3.78450137 6.57432284
3.64111632 3.36936090 2.88349713 1.87630022 4.43683128 4.20147293 4.47057773
2.02362749 3.81053287 0.87758038 3.81697840 1.29437728 2.10995942 2.90323155
3.49759444 0.98996014 4.78622796 3.93320519 3.19732035 1.04462122 6.50973184
4.79199001 0.27710769 4.37718076 3.29245537 3.52613128 0.18613490 6.26453947
1.52069109 2.83249247 4.16851961 0.08451151 4.48765869 3.71199519 7.45756591
4.22539066 4.46757071 1.29925576 1.28977599 2.07760016 0.33776533 5.54948961
2.84555351 3.55098467 4.71778276 0.02337706 0.81474560 3.52578415 9.23774931
3.29920224 1.98343399 2.45511822 0.91113046 0.99308711 0.54538073 2.87175165
2.19194989 4.36468553 3.87853326 4.35980070 0.54467617 1.72645653 5.93501421
2.97707556 0.91714629 2.34671924 1.68289096 2.94909624 1.08781898 1.83856362
0.39503306 3.14347680 1.15026268 0.64316889 2.27421313 2.45527612 4.74424782
3.95385064 4.35429564 1.76870590 0.98865758 2.37220168 4.39904476 7.47614906
0.74929916 3.30933072 2.48714520 4.16763499 0.82910818 0.45496784 6.00432260
2.47665129 0.20785871 1.84042698 4.15346143 4.22027076 4.08730848 6.37733183
4.93472747 4.02926468 3.05324154 3.44723844 3.89648698 3.34659212 2.81868324
1.11616066 4.24653583 2.17262791 4.71572087 3.82923725 3.08121939 3.48318539
4.55833616 2.33564546 4.06336351 0.99397669 1.00152963 4.63417281 6.18672471
3.23122811 3.34816603 1.37217508 4.61963793 4.86106070 4.53105321 5.74227977
0.72968075 2.03708667 4.70928803 2.05562805 4.19284035 0.03715963 6.06314105
1.82578744 2.98749241 3.10352909 2.55215487 2.78289240 4.61837427 3.44081725
4.71678313 4.88142526 0.08270600 2.60343202 4.27951296 1.62811451 9.47235853
1.03315786 3.48110944 2.55422876 1.85708759 0.61575662 1.61187548 4.17902752
2.68763078 1.13972423 1.95058210 3.86837266 3.18784912 0.77073117 6.16203775
0.17726269 2.61258286 1.61087387 4.12549504 3.59258326 2.86086019 4.43510633
3.74394788 1.34376448 3.07758513 2.44950611 2.66649924 2.80771526 1.83626605
0.86629614 3.63158979 2.35190377 0.84714279 1.71326443 1.51756964 4.08189695
2.60698372 0.15439163 2.55623308 2.98059017 1.92242096 1.29849064 4.62420157
2.98690846 4.99665480 4.88441734 2.51487410 0.95095428 3.63436711 7.21373339
4.02658095 3.76106005 2.98854610 3.57199018 0.99987587 4.45065281 3.22924683
4.39449622 0.19042436 1.86576437 3.42357458 2.63049879 4.38861043 5.33590585
4.15527127 0.22081066 4.59908484 0.31665209 4.18025431 1.98933692 2.17836822
1.18075359 0.21891271 3.83030576 2.14942051 3.46244582 2.70668382 3.94598975
4.78185009 1.90168128 4.66979995 3.80946762 1.57492239 3.76542789 5.00626493
4.13783644 3.86343764 4.57392925 2.03970450 2.07128884 4.43982022 5.34267790
2.76496335 4.53351028 3.06327173 0.97081027 4.47982351 0.81985163 4.99973975
1.39756737 1.66929225 3.88035922 1.72129764 4.09577750 4.38534448 5.15607860
0.29224125 0.52082102 1.50387929 0.04904839 4.78659788 3.05775309 5.75317013
4.13800059 0.59971963 2.22435968 1.26125476 0.62543178 0.40839753 3.83692262
0.58783827 0.84838033 4.77973438 3.48783967 0.09065208 0.94910920 10.28588616
1.90281218 2.39237186 4.63144841 0.35426681 1.99585153 3.10422911 7.21480257
2.48178201 0.47910067 2.20300279 1.83834166 3.23370805 1.75318503 2.42175228
4.44910167 0.97202733 1.26914143 4.43568220 2.29158956 0.98317050 8.30275373
3.15953222 0.98073390 2.08895105 2.56681470 4.86250925 0.03581851 5.66838790
4.54864748 3.50490847 1.96985828 1.21244349 2.46196750 4.71266732 6.98509017
0.60829098 4.43695224 4.47437865 0.98403606 3.19884485 1.95474003 6.78644595
4.43448535 2.57192903 1.19391922 0.30171983 4.93883576 2.49353667 8.29583243
0.96587574 4.39630327 2.59002723 3.98125492 2.46260322 0.38455510 5.27530148
0.21579246 2.26493800 3.51352829 3.36816547 4.49488121 4.16108170 4.73903368
4.70996314 3.29545645 0.37064133 0.42383335 1.14227321 0.20629271 6.00516442
3.43945286 2.77117911 1.71620394 4.83459656 2.67578234 4.93236385 3.65290588
2.33970021 3.60899215 0.64883352 3.92349068 3.11121540 3.84618572 4.18346117
2.75453756 4.65119906 2.84259912 2.66119842 2.21216122 3.32983856 2.91093214
2.44417181 1.69008386 0.20078324 0.91851693 0.71343224 0.97949797 2.88862653
3.95547438 0.07865612 1.13804621 0.52100060 4.39218951 0.33485059 6.11140469
0.23370758 2.39673367 0.44542420 0.82958808 0.78975967 1.31922716 2.17997488
3.00428946 0.12130281 3.17639251 3.95080443 0.11259235 2.25819953 7.33362161
3.87156357 4.92645633 3.46455647 3.27625661 1.55478300 3.62376677 3.64078430
1.54169914 2.89199473 2.74662175 0.98249759 1.43528598 0.30311383 3.73475541
2.14881251 2.01357494 1.83269181 4.76930552 3.14409447 4.26113728 4.18022114
0.81159636 1.22679635 0.77768302 1.64808209 3.59254985 3.53924975 3.81381212
0.43853268 0.33348647 2.57780261 4.86820448 0.88096246 3.45207514 7.22412794
3.30066116 1.84086667 4.90640092 2.00407854 4.94398019 0.83353588 2.78515883
4.33418731 2.46025112 2.75374255 4.95635330 1.74667189 2.10804091 5.97547992
2.39171734 0.63288723 1.96227418 1.89885304 3.57450171 1.99820710 2.95210716
1.15629985 2.34955758 1.91961738 1.93684732 2.52087486 2.87149171 1.97908351
3.90111812 1.29016536 0.46644302 2.83773797 2.47854696 0.83746143 6.60441743
2.77311859 3.00575636 0.55103353 0.86058365 0.63367194 0.73751627 3.23683505
2.00738960 2.12063131 3.81339099 2.79229838 3.23565525 4.05232336 3.31301765
4.97274692 0.42817373 1.95305734 4.62743450 4.47134554 1.54565175 9.15210838
1.45484370 3.21401581 0.93145492 4.16535204 4.97458656 2.99974966 5.29360224
2.70267907 0.19488391 1.74097575 0.71651349 1.91065794 4.34044617 4.72196456
0.67171483 4.38901430 0.45411022 1.71377392 2.22399826 3.41723808 5.14055576
2.52577779 2.54568447 1.28721416 1.94332823 1.46174307 4.11908703 3.56001760
0.39632222 3.93551418 0.95275341 2.89152981 4.84647686 1.30528193 5.38744662
0.46935485 4.55946171 2.03037164 3.98710471 0.50017097 4.19951124 3.20751062
0.70187634 3.89413783 1.59574621 3.67071486 3.43616530 1.83343533 3.52189577
0.71643592 1.32253662 2.13287121 4.00248792 1.38130188 4.42668734 3.89426086
4.76157488 4.75123099 3.24956272 2.25622101 4.38847970 2.09110083 4.06822991
2.62159438 0.76131099 0.09841684 2.43365108 3.08026320 3.54851379 6.21051463
1.63936422 4.22596494 3.79273963 3.62279377 1.16699644 1.04931939 5.91284382
0.76866024 1.09604158 4.51087887 3.70586981 0.61237215 0.73363699 9.46468781
0.69166019 4.17372423 1.67585493 2.76112445 1.61486759 3.19535363 2.16014071
3.22430534 2.62848865 0.44338742 4.96748553 1.06450744 2.43018575 6.24600489
2.63183941 2.32988506 3.65075085 1.04351660 3.82176807 4.13530852 4.73753127
3.76353555 0.01578560 1.48437152 3.05497405 2.14235853 0.93183280 6.02161227
1.77605116 4.06511883 3.82612220 0.67540438 2.26053883 0.86600547 5.53857649
3.45371979 0.25963541 4.30434647 1.46848105 2.02058560 0.81444121 3.85370157
4.20459332 0.54843557 0.32122726 1.38610931 1.43594150 3.12375838 6.03714952
1.66755583 2.32371099 1.70587069 0.73458709 3.18201622 3.10428134 4.38144111
4.06113758 0.81515512 0.04308835 1.93920156 2.47275200 1.99435325 6.60260304
1.16210277 2.82800082 4.94540370 0.58649672 2.07159605 3.42491639 8.43669811
3.69837162 2.36092081 1.49058069 4.76667223 0.34738658 2.38880736 5.90366498
3.27035962 4.34839502 1.49833462 2.21214285 1.96617872 3.89461376 4.52185078
3.83017269 0.15436523 0.09536816 4.55212828 4.06121686 2.15539273 10.40349040
2.43159028 4.94507832 1.43800440 3.26880843 2.44262236 3.85280428 3.11064097
3.54300269 3.53374437 2.62141547 4.04058523 2.74252756 3.93967561 1.20940714
3.50629305 1.52415111 0.00375676 0.23615784 2.10555334 3.49326073 7.60822074
4.89421727 3.94054529 0.85914501 2.27350705 2.64175815 3.09869522 6.33021385
3.19634316 2.70152634 4.17306345 0.67313415 0.14442894 3.74683020 7.31859872
0.19508370 0.11751875 0.15885768 0.12416489 1.33459008 4.85446159 4.91105402
2.93021862 0.98253145 3.81084983 0.15380027 1.59764649 4.69129024 6.25773219
0.45910913 4.14712550 1.10276122 4.74855772 1.87994699 4.38150737 1.74041558
0.06047604 1.60367318 1.25333621 4.57506733 1.49724137 3.21050308 4.58808079
1.90074273 1.34147898 1.24315336 1.11494782 2.05875397 1.22578441 1.51861157
4.11399541 4.51475992 0.03514020 2.39927205 0.56872722 1.21668691 5.89220833
3.74185125 1.76263277 1.04537806 2.26808347 1.20855797 4.25381744 4.73586471
3.02603729 1.57230623 4.88303609 2.82649313 2.05751189 4.95624170 5.77913328
2.68533108 1.66486057 0.31408719 2.75636945 0.22948052 0.10419031 5.26392852
3.41781984 2.75932944 1.51853761 2.54700992 2.75212629 0.72313918 4.11298609
0.77013832 4.25678300 0.32440757 0.79571026 2.35500531 4.42760540 7.65066443
