-10.38 -19.24 -11.93 0.00 0.00 0.00 -11.70  -4.64  -4.77 0.00 0.00 0.00 -11.29  -5.73  -6.82 -0.24  1.15  1.54 9.63 -0.41  1.65  2.29 10.11
 1.25  5.39 17.12 0.00 0.00 0.00   8.99 -14.36   9.81 0.00 0.00 0.00  5.13 -1.05 13.42  0.87 -2.31 -0.83 11.32  0.80 -2.31 -0.73 11.35
-2.73  3.35 -0.02 0.00 0.00 0.00 -15.42 -19.16   6.99 0.00 0.00 0.00 -10.23 -14.63   3.54 -2.31 -2.30  1.48 13.01 -2.28 -2.26  0.83 13.23
-13.18  -1.23  -1.85 0.00 0.00 0.00  16.39 -15.59 -12.76 0.00 0.00 0.00  -6.86 -10.32  -8.11  2.31 -2.31 -0.91 16.84  2.31 -2.30 -0.88 16.99
12.68 -5.22 -1.30 0.00 0.00 0.00 -0.95  3.42 11.01 0.00 0.00 0.00  7.94 -0.20  3.86 -2.31  2.27  2.31 9.82 -2.31  2.28  2.33 9.63
-18.52 -19.51  -5.34 0.00 0.00 0.00 -19.79  -3.81  -2.74 0.00 0.00 0.00 -19.31 -14.98  -3.95 -0.21  2.29  0.37 3.22 -0.29  2.30  0.41 9.14
 15.56 -16.31   2.58 0.00 0.00 0.00 -2.57 18.66  0.38 0.00 0.00 0.00 9.81 5.13 0.59 -2.31  2.31 -0.16 17.82 -2.28  2.32 -0.17 17.85
 -3.85   5.26 -11.57 0.00 0.00 0.00  13.43   1.89 -19.83 0.00 0.00 0.00  -1.66   3.45 -16.03  1.69 -0.60 -2.27 11.52  1.68 -0.43 -2.21 11.52
16.64 -7.84 -5.38 0.00 0.00 0.00   9.44 -14.94 -15.53 0.00 0.00 0.00  12.86 -11.68 -10.65 -1.94 -1.82 -2.31 7.76 -1.55 -1.90 -2.31 7.63
 1.83 12.09 13.50 0.00 0.00 0.00 10.05 -6.09  2.93 0.00 0.00 0.00 5.94 2.80 7.95  0.81 -2.31 -1.09 10.64  0.79 -2.31 -1.07 10.61
